X93305      
0.00,325.000
0.02,325.000
0.04,325.000
0.06,325.000
0.08,325.000
0.10,325.000
0.12,325.000
0.14,325.000
0.16,325.000
0.18,325.000
0.20,325.000
0.22,325.000
0.24,325.000
0.26,325.000
0.28,325.000
0.30,325.000
0.32,325.000
0.34,325.000
0.36,325.000
0.38,325.000
0.40,325.000
0.42,325.000
0.44,325.000
0.46,325.000
0.48,325.000
0.50,325.000
0.52,325.000
0.54,325.000
0.56,325.000
0.58,325.000
0.60,325.000
0.62,325.000
0.64,325.000
0.66,325.000
0.68,325.000
0.70,325.000
0.72,325.000
0.74,325.000
0.76,325.000
0.78,325.000
0.80,325.000
0.82,325.000
0.84,325.000
0.86,325.000
0.88,325.000
0.90,325.000
0.92,325.000
0.94,325.000
0.96,325.000
0.98,325.000
1.00,325.000
1.02,325.000
1.04,325.000
1.06,325.000
1.08,325.000
1.10,325.000
1.12,325.000
1.14,325.000
1.16,325.000
1.18,325.000
1.20,325.000
1.22,325.000
1.24,325.000
1.26,325.000
1.28,325.000
1.30,325.000
1.32,325.000
1.34,325.000
1.36,325.000
1.38,325.000
1.40,325.000
1.42,325.000
1.44,325.000
1.46,325.000
1.48,325.000
1.50,325.000
1.52,325.000
1.54,325.000
1.56,325.000
1.58,325.000
1.60,325.000
1.62,325.000
1.64,325.000
1.66,325.000
1.68,325.000
1.70,325.000
1.72,325.000
1.74,325.000
1.76,325.000
1.78,325.000
1.80,325.000
1.82,325.000
1.84,325.000
1.86,312.064
1.88,296.951
1.90,282.659
1.92,269.114
1.94,256.279
1.96,244.075
1.98,232.483
2.00,221.444
2.02,210.928
2.04,200.900
2.06,191.330
2.08,182.191
2.10,173.457
2.12,165.110
2.14,157.128
2.16,149.491
2.18,142.186
2.20,135.196
2.22,128.508
2.24,122.111
2.26,115.993
2.28,110.144
2.30,104.555
2.32, 99.213
2.34, 94.114
2.36, 89.249
2.38, 84.609
2.40, 80.186
2.42, 75.968
2.44, 71.951
2.46, 68.128
2.48, 64.488
2.50, 61.025
2.52, 57.732
2.54, 54.601
2.56, 51.626
2.58, 48.799
2.60, 46.112
2.62, 43.561
2.64, 41.138
2.66, 38.837
2.68, 36.653
2.70, 34.581
2.72, 32.614
2.74, 30.749
2.76, 28.981
2.78, 27.306
2.80, 25.721
2.82, 24.222
2.84, 22.805
2.86, 21.468
2.88, 20.208
2.90, 19.021
2.92, 17.905
2.94, 16.858
2.96, 15.875
2.98, 14.954
3.00, 14.092
3.04, 12.533
3.08, 11.175
3.12,  9.993
3.16,  8.965
3.20,  8.072
3.24,  7.293
3.28,  6.614
3.32,  6.020
3.36,  5.500
3.40,  5.041
3.44,  4.637
3.48,  4.278
3.52,  3.960
3.56,  3.676
3.60,  3.422
3.64,  3.194
3.68,  2.989
3.72,  2.804
3.76,  2.636
3.80,  2.484
3.84,  2.345
3.88,  2.218
3.92,  2.102
3.96,  1.996
4.00,  1.897
4.10,  1.684
4.20,  1.509
4.30,  1.362
4.40,  1.238
4.50,  0.000
4.60,  0.000
4.70,  0.000
4.80,  0.000
4.90,  0.000
5.00,  0.000
5.10,  0.000
5.20,  0.000
5.30,  0.000
5.40,  0.000
5.50,  0.000
5.60,  0.000
