1.70039E+0	7.57010E+1	7.17390E+1	5.43410E+1	5.83571E+2	7.59949E+2	NaN	3.00321E-4	NaN	8.42333E-1	5.54190E+1	NaN
1.17014E+1	7.57760E+1	7.17390E+1	5.43440E+1	5.83045E+2	7.63163E+2	NaN	3.00643E-4	NaN	8.42291E-1	5.54190E+1	NaN
2.17006E+1	7.57780E+1	7.17390E+1	5.43440E+1	5.83337E+2	7.62694E+2	NaN	3.01179E-4	NaN	8.42291E-1	5.54150E+1	NaN
3.17014E+1	7.57780E+1	7.17440E+1	5.43490E+1	5.83982E+2	7.66329E+2	NaN	3.01179E-4	NaN	8.42220E-1	5.54080E+1	NaN
4.17013E+1	7.57850E+1	7.17450E+1	5.43490E+1	5.83924E+2	7.64747E+2	NaN	3.00214E-4	NaN	8.42220E-1	5.54080E+1	NaN
5.17006E+1	7.57860E+1	7.17450E+1	5.43550E+1	5.84929E+2	7.63162E+2	NaN	3.01287E-4	NaN	8.42135E-1	5.54060E+1	NaN
6.17014E+1	7.57860E+1	7.17410E+1	5.43530E+1	5.84632E+2	7.63631E+2	NaN	3.00643E-4	NaN	8.42163E-1	5.54060E+1	NaN
7.17010E+1	7.57910E+1	7.17380E+1	5.43530E+1	5.83806E+2	7.61757E+2	NaN	3.01179E-4	NaN	8.42163E-1	5.54030E+1	NaN
8.17014E+1	7.57910E+1	7.17480E+1	5.43560E+1	5.83337E+2	7.63575E+2	NaN	3.00643E-4	NaN	8.42121E-1	5.54000E+1	NaN
9.17014E+1	7.57980E+1	7.17540E+1	5.43320E+1	5.84159E+2	7.61119E+2	NaN	3.01179E-4	NaN	8.42277E-1	5.54000E+1	NaN
1.01701E+2	7.58010E+1	7.17540E+1	5.43640E+1	5.82580E+2	7.61934E+2	NaN	3.00321E-4	NaN	8.42008E-1	5.53930E+1	NaN
1.11701E+2	7.58010E+1	7.17580E+1	5.43650E+1	5.85945E+2	7.64806E+2	NaN	3.01179E-4	NaN	8.41993E-1	5.53930E+1	NaN
1.21701E+2	7.58010E+1	7.17560E+1	5.43650E+1	5.83806E+2	7.61408E+2	NaN	3.00643E-4	NaN	8.41993E-1	5.53940E+1	NaN
1.31701E+2	7.58010E+1	7.17560E+1	5.43650E+1	5.83162E+2	7.66451E+2	NaN	3.01609E-4	NaN	8.41993E-1	5.53870E+1	NaN
1.41701E+2	7.58140E+1	7.17570E+1	5.43670E+1	5.82870E+2	7.63395E+2	NaN	3.01287E-4	NaN	8.41965E-1	5.53870E+1	NaN
1.51701E+2	7.58130E+1	7.17570E+1	5.43670E+1	5.83865E+2	7.64218E+2	NaN	3.01179E-4	NaN	8.41965E-1	5.53840E+1	NaN
1.61701E+2	7.58130E+1	7.17630E+1	5.43710E+1	5.83396E+2	7.62988E+2	NaN	3.01179E-4	NaN	8.41909E-1	5.53770E+1	NaN
1.71701E+2	7.58180E+1	7.17620E+1	5.43710E+1	5.84929E+2	7.61876E+2	NaN	3.00750E-4	NaN	8.41909E-1	5.53820E+1	NaN
1.81701E+2	7.56760E+1	7.17620E+1	5.43740E+1	5.84810E+2	7.63397E+2	NaN	3.01287E-4	NaN	8.41866E-1	5.53760E+1	NaN
1.91701E+2	7.58280E+1	7.17640E+1	5.43750E+1	5.86125E+2	7.63747E+2	NaN	3.00214E-4	NaN	8.41852E-1	5.53760E+1	NaN
2.01702E+2	7.58260E+1	7.17640E+1	5.43750E+1	5.84100E+2	7.63867E+2	NaN	3.01609E-4	NaN	8.41852E-1	5.53710E+1	NaN
2.11702E+2	7.58260E+1	7.17660E+1	5.43750E+1	5.85048E+2	7.63511E+2	NaN	3.01287E-4	NaN	8.41852E-1	5.53630E+1	NaN
2.21702E+2	7.58320E+1	7.17700E+1	5.43750E+1	5.84100E+2	7.63691E+2	NaN	3.02148E-4	NaN	8.41852E-1	5.53630E+1	NaN
2.31703E+2	7.58310E+1	7.17700E+1	5.43750E+1	5.84100E+2	7.62461E+2	NaN	3.01609E-4	NaN	8.41852E-1	5.53550E+1	NaN
2.41703E+2	7.58310E+1	7.17690E+1	5.43770E+1	5.84632E+2	7.62577E+2	NaN	3.01179E-4	NaN	8.41824E-1	5.53550E+1	NaN
2.51703E+2	7.58350E+1	7.17520E+1	5.43770E+1	5.82870E+2	7.61408E+2	NaN	3.01609E-4	NaN	8.41824E-1	5.53510E+1	NaN
2.61703E+2	7.58350E+1	7.17750E+1	5.43810E+1	5.85048E+2	7.62108E+2	NaN	3.00214E-4	NaN	8.41767E-1	5.53450E+1	NaN
2.71703E+2	7.58470E+1	7.17730E+1	5.43340E+1	5.84810E+2	7.60707E+2	NaN	3.01825E-4	NaN	8.42432E-1	5.53450E+1	NaN
2.81703E+2	7.58460E+1	7.17730E+1	5.43850E+1	5.85167E+2	7.62812E+2	NaN	3.01179E-4	NaN	8.41711E-1	5.53390E+1	NaN
2.91703E+2	7.58460E+1	7.17790E+1	5.43860E+1	5.82406E+2	7.61231E+2	NaN	3.00321E-4	NaN	8.41696E-1	5.53390E+1	NaN
3.01704E+2	7.58530E+1	7.17800E+1	5.43860E+1	5.83337E+2	7.65215E+2	NaN	3.01287E-4	NaN	8.41696E-1	5.53330E+1	NaN
3.11705E+2	7.58530E+1	7.17800E+1	5.43880E+1	5.83689E+2	7.64101E+2	NaN	3.02148E-4	NaN	8.41668E-1	5.53260E+1	NaN
3.21705E+2	7.58580E+1	7.17780E+1	5.43920E+1	5.82638E+2	7.61992E+2	NaN	3.01287E-4	NaN	8.41612E-1	5.53260E+1	NaN
3.31705E+2	7.58560E+1	7.17780E+1	5.43920E+1	5.83924E+2	7.63220E+2	NaN	3.01179E-4	NaN	8.41612E-1	5.53220E+1	NaN
3.41705E+2	7.58560E+1	7.17840E+1	5.43920E+1	5.85107E+2	7.63162E+2	NaN	3.01179E-4	NaN	8.41612E-1	5.53060E+1	NaN
3.51705E+2	7.58580E+1	7.17830E+1	5.43920E+1	5.84514E+2	7.63515E+2	NaN	3.01609E-4	NaN	8.41612E-1	5.53170E+1	NaN
3.61705E+2	7.56900E+1	7.17830E+1	5.43970E+1	5.85525E+2	7.64861E+2	NaN	3.01609E-4	NaN	8.41541E-1	5.53130E+1	NaN
3.71705E+2	7.58690E+1	7.17850E+1	5.43990E+1	5.84336E+2	7.63629E+2	NaN	3.00643E-4	NaN	8.41513E-1	5.53130E+1	NaN
3.81705E+2	7.58660E+1	7.17850E+1	5.43990E+1	5.84929E+2	7.62106E+2	NaN	3.01179E-4	NaN	8.41513E-1	5.53110E+1	NaN
3.91705E+2	7.58660E+1	7.17870E+1	5.43990E+1	5.84929E+2	7.65097E+2	NaN	3.01609E-4	NaN	8.41513E-1	5.53040E+1	NaN
4.01705E+2	7.58750E+1	7.17910E+1	5.43990E+1	5.84632E+2	7.64863E+2	NaN	3.01179E-4	NaN	8.41513E-1	5.53040E+1	NaN
4.11705E+2	7.58730E+1	7.17910E+1	5.43990E+1	5.84277E+2	7.64101E+2	NaN	3.01609E-4	NaN	8.41513E-1	5.53000E+1	NaN
4.21706E+2	7.58730E+1	7.17920E+1	5.44010E+1	5.85765E+2	7.63279E+2	NaN	3.00750E-4	NaN	8.41484E-1	5.53000E+1	NaN
4.31706E+2	7.58800E+1	7.17660E+1	5.44010E+1	5.84159E+2	7.65509E+2	NaN	3.01287E-4	NaN	8.41484E-1	5.52960E+1	NaN
4.41706E+2	7.58800E+1	7.17970E+1	5.44000E+1	5.83045E+2	7.63809E+2	NaN	3.01825E-4	NaN	8.41499E-1	5.52900E+1	NaN
4.51706E+2	7.58850E+1	7.17970E+1	5.43300E+1	5.84632E+2	7.63397E+2	NaN	3.01609E-4	NaN	8.42489E-1	5.52900E+1	NaN
4.61706E+2	7.58860E+1	7.17970E+1	5.44000E+1	5.84277E+2	7.63807E+2	NaN	3.00643E-4	NaN	8.41499E-1	5.52820E+1	NaN
4.71706E+2	7.58860E+1	7.17950E+1	5.44010E+1	5.83806E+2	7.64983E+2	NaN	3.00643E-4	NaN	8.41484E-1	5.52820E+1	NaN
4.81707E+2	7.58870E+1	7.17980E+1	5.44010E+1	5.81714E+2	7.65804E+2	NaN	3.01287E-4	NaN	8.41484E-1	5.52810E+1	NaN
4.91707E+2	7.58870E+1	7.17980E+1	5.43980E+1	5.84218E+2	7.62343E+2	NaN	3.00643E-4	NaN	8.41527E-1	5.52720E+1	NaN
5.01707E+2	7.58940E+1	7.18010E+1	5.43960E+1	5.84691E+2	7.64333E+2	NaN	3.01179E-4	NaN	8.41555E-1	5.52720E+1	NaN
5.11707E+2	7.58920E+1	7.18010E+1	5.43960E+1	5.83162E+2	7.62108E+2	NaN	3.01825E-4	NaN	8.41555E-1	5.52660E+1	NaN
5.21707E+2	7.58920E+1	7.18010E+1	5.43930E+1	5.84514E+2	7.62872E+2	NaN	3.01179E-4	NaN	8.41597E-1	5.52460E+1	NaN
5.31707E+2	7.58990E+1	7.18050E+1	5.43930E+1	5.85705E+2	7.67154E+2	NaN	3.01179E-4	NaN	8.41597E-1	5.52730E+1	NaN
5.41707E+2	7.58990E+1	7.18050E+1	5.43960E+1	5.85048E+2	7.64806E+2	NaN	3.01287E-4	NaN	8.41555E-1	5.52680E+1	NaN
5.51707E+2	7.59030E+1	7.18030E+1	5.43930E+1	5.84218E+2	7.61762E+2	NaN	3.00643E-4	NaN	8.41597E-1	5.52680E+1	NaN
5.61707E+2	7.59060E+1	7.18030E+1	5.43930E+1	5.83220E+2	7.61584E+2	NaN	3.01287E-4	NaN	8.41597E-1	5.52710E+1	NaN
5.71707E+2	7.59060E+1	7.18100E+1	5.43960E+1	5.83630E+2	7.63747E+2	NaN	3.01609E-4	NaN	8.41555E-1	5.52710E+1	NaN
5.81707E+2	7.59120E+1	7.18120E+1	5.43960E+1	5.83045E+2	7.61002E+2	NaN	3.01825E-4	NaN	8.41555E-1	5.52710E+1	NaN
5.91707E+2	7.59100E+1	7.18120E+1	5.43980E+1	5.84336E+2	7.64159E+2	NaN	3.00750E-4	NaN	8.41527E-1	5.52710E+1	NaN
6.01708E+2	7.59150E+1	7.18180E+1	5.44020E+1	5.83220E+2	7.61173E+2	NaN	3.00643E-4	NaN	8.41470E-1	5.52710E+1	NaN
6.11708E+2	7.59190E+1	7.17980E+1	5.44020E+1	5.83454E+2	7.63517E+2	NaN	3.01179E-4	NaN	8.41470E-1	5.52740E+1	NaN
6.21708E+2	7.59190E+1	7.18250E+1	5.44050E+1	5.82522E+2	7.62522E+2	NaN	3.01287E-4	NaN	8.41428E-1	5.52780E+1	NaN
6.31709E+2	7.59250E+1	7.18320E+1	5.43620E+1	5.83747E+2	7.61233E+2	NaN	3.01825E-4	NaN	8.42036E-1	5.52780E+1	NaN
6.41709E+2	7.59230E+1	7.18320E+1	5.44130E+1	5.84691E+2	7.63395E+2	NaN	3.01179E-4	NaN	8.41315E-1	5.52790E+1	NaN
6.51709E+2	7.59230E+1	7.18320E+1	5.44180E+1	5.84632E+2	7.63163E+2	NaN	3.01179E-4	NaN	8.41244E-1	5.52790E+1	NaN
6.61709E+2	7.59290E+1	7.18360E+1	5.44180E+1	5.83571E+2	7.63221E+2	NaN	3.00321E-4	NaN	8.41244E-1	5.52870E+1	NaN
6.71710E+2	7.59290E+1	7.18360E+1	5.44170E+1	5.84691E+2	7.62635E+2	NaN	3.00643E-4	NaN	8.41258E-1	5.52870E+1	NaN
6.81710E+2	7.59280E+1	7.18390E+1	5.44260E+1	5.83513E+2	7.62403E+2	NaN	3.00643E-4	NaN	8.41131E-1	5.52870E+1	NaN
6.91710E+2	7.59300E+1	7.18390E+1	5.44260E+1	5.85465E+2	7.63575E+2	NaN	3.01179E-4	NaN	8.41131E-1	5.52920E+1	NaN
7.01710E+2	7.59300E+1	7.18520E+1	5.44300E+1	5.85346E+2	7.63810E+2	NaN	3.00321E-4	NaN	8.41075E-1	5.52780E+1	NaN
7.11710E+2	7.59350E+1	7.18500E+1	5.44300E+1	5.83571E+2	7.64688E+2	NaN	3.02148E-4	NaN	8.41075E-1	5.52980E+1	NaN
7.21710E+2	7.59350E+1	7.18500E+1	5.44350E+1	5.82348E+2	7.64101E+2	NaN	3.01179E-4	NaN	8.41004E-1	5.53040E+1	NaN
7.31710E+2	7.59450E+1	7.18530E+1	5.44330E+1	5.84514E+2	7.62988E+2	NaN	3.02687E-4	NaN	8.41033E-1	5.53040E+1	NaN
7.41710E+2	7.59430E+1	7.18530E+1	5.44330E+1	5.82929E+2	7.65277E+2	NaN	3.00750E-4	NaN	8.41033E-1	5.52970E+1	NaN
7.51710E+2	7.59430E+1	7.18620E+1	5.44410E+1	5.84277E+2	7.64690E+2	NaN	3.01609E-4	NaN	8.40920E-1	5.52830E+1	NaN
7.61710E+2	7.59430E+1	7.18710E+1	5.44410E+1	5.85885E+2	7.63455E+2	NaN	3.00643E-4	NaN	8.40920E-1	5.52830E+1	NaN
7.71710E+2	7.59360E+1	7.18710E+1	5.44410E+1	5.84632E+2	7.66097E+2	NaN	3.00643E-4	NaN	8.40920E-1	5.52850E+1	NaN
7.81710E+2	7.59510E+1	7.18740E+1	5.44490E+1	5.85286E+2	7.64335E+2	NaN	3.01825E-4	NaN	8.40807E-1	5.52850E+1	NaN
7.91710E+2	7.59530E+1	7.18210E+1	5.44490E+1	5.84573E+2	7.65333E+2	NaN	3.00750E-4	NaN	8.40807E-1	5.52830E+1	NaN
8.01710E+2	7.59530E+1	7.18800E+1	5.44510E+1	5.82290E+2	7.63925E+2	NaN	3.01287E-4	NaN	8.40779E-1	5.52830E+1	NaN
8.11710E+2	7.59530E+1	7.18850E+1	5.43580E+1	5.85227E+2	7.65037E+2	NaN	3.01179E-4	NaN	8.42092E-1	5.52830E+1	NaN
8.21710E+2	7.59600E+1	7.18850E+1	5.44540E+1	5.83279E+2	7.66095E+2	NaN	3.01825E-4	NaN	8.40737E-1	5.52850E+1	NaN
8.31710E+2	7.59600E+1	7.18910E+1	5.44560E+1	5.84100E+2	7.67451E+2	NaN	3.01609E-4	NaN	8.40708E-1	5.52850E+1	NaN
8.41710E+2	7.59610E+1	7.18940E+1	5.44560E+1	5.83045E+2	7.63809E+2	NaN	3.01287E-4	NaN	8.40708E-1	5.52910E+1	NaN
8.51710E+2	7.59610E+1	7.18940E+1	5.44570E+1	5.82232E+2	7.66564E+2	NaN	3.00750E-4	NaN	8.40694E-1	5.52930E+1	NaN
8.61710E+2	7.59710E+1	7.19000E+1	5.44630E+1	5.85346E+2	7.64393E+2	NaN	3.00214E-4	NaN	8.40610E-1	5.52930E+1	NaN
8.71710E+2	7.59680E+1	7.19000E+1	5.44650E+1	5.84159E+2	7.65860E+2	NaN	3.00214E-4	NaN	8.40582E-1	5.52990E+1	NaN
8.81710E+2	7.59680E+1	7.19060E+1	5.44730E+1	5.84870E+2	7.64977E+2	NaN	3.00643E-4	NaN	8.40469E-1	5.52750E+1	NaN
8.91710E+2	7.59730E+1	7.19100E+1	5.44730E+1	5.83571E+2	7.64102E+2	NaN	3.01179E-4	NaN	8.40469E-1	5.53130E+1	NaN
9.01710E+2	7.59730E+1	7.19100E+1	5.44750E+1	5.83454E+2	7.65866E+2	NaN	3.00750E-4	NaN	8.40441E-1	5.53180E+1	NaN
9.11710E+2	7.59840E+1	7.19220E+1	5.44770E+1	5.83103E+2	7.67156E+2	NaN	3.01179E-4	NaN	8.40413E-1	5.53180E+1	NaN
9.21711E+2	7.59780E+1	7.19220E+1	5.44770E+1	5.84988E+2	7.66391E+2	NaN	3.00643E-4	NaN	8.40413E-1	5.53200E+1	NaN
9.31712E+2	7.59780E+1	7.19300E+1	5.44870E+1	5.83513E+2	7.64511E+2	NaN	3.01179E-4	NaN	8.40272E-1	5.53260E+1	NaN
9.41712E+2	7.59820E+1	7.19270E+1	5.44870E+1	5.84810E+2	7.64039E+2	NaN	3.00643E-4	NaN	8.40272E-1	5.53260E+1	NaN
9.51712E+2	7.59570E+1	7.19270E+1	5.44930E+1	5.83806E+2	7.66508E+2	NaN	3.01609E-4	NaN	8.40187E-1	5.53220E+1	NaN
9.61712E+2	7.59910E+1	7.19300E+1	5.44940E+1	5.83982E+2	7.66568E+2	NaN	3.00643E-4	NaN	8.40173E-1	5.53220E+1	NaN
9.71713E+2	7.59920E+1	7.18340E+1	5.44940E+1	5.84277E+2	7.65449E+2	NaN	3.01179E-4	NaN	8.40173E-1	5.53330E+1	NaN
9.81714E+2	7.59920E+1	7.19460E+1	5.45050E+1	5.84159E+2	7.66217E+2	NaN	3.00750E-4	NaN	8.40019E-1	5.53410E+1	NaN
9.91714E+2	7.59960E+1	7.19420E+1	5.45050E+1	5.83279E+2	7.66863E+2	NaN	3.00750E-4	NaN	8.40019E-1	5.53410E+1	NaN
1.00171E+3	7.59970E+1	7.19420E+1	5.45060E+1	5.86245E+2	7.65217E+2	NaN	3.01609E-4	NaN	8.40005E-1	5.53490E+1	NaN
1.01172E+3	7.59970E+1	7.19480E+1	5.45110E+1	5.84632E+2	7.66626E+2	NaN	3.01179E-4	NaN	8.39934E-1	5.53490E+1	NaN
1.02172E+3	7.59990E+1	7.19600E+1	5.45110E+1	5.84929E+2	7.65097E+2	NaN	3.00750E-4	NaN	8.39934E-1	5.53550E+1	NaN
1.03171E+3	7.59990E+1	7.19600E+1	5.45140E+1	5.85107E+2	7.67274E+2	NaN	3.00321E-4	NaN	8.39892E-1	5.53590E+1	NaN
1.04172E+3	7.60040E+1	7.19610E+1	5.45040E+1	5.82987E+2	7.65511E+2	NaN	3.01179E-4	NaN	8.39962E-1	5.53590E+1	NaN
1.05171E+3	7.60080E+1	7.19610E+1	5.45170E+1	5.82696E+2	7.65449E+2	NaN	3.00643E-4	NaN	8.39850E-1	5.53520E+1	NaN
1.06172E+3	7.60080E+1	7.19750E+1	5.45160E+1	5.83045E+2	7.66511E+2	NaN	3.00643E-4	NaN	8.39864E-1	5.53210E+1	NaN
1.07172E+3	7.60100E+1	7.19790E+1	5.45160E+1	5.84870E+2	7.67037E+2	NaN	3.01287E-4	NaN	8.39864E-1	5.53640E+1	NaN
1.08172E+3	7.60100E+1	7.19790E+1	5.45260E+1	5.83162E+2	7.65742E+2	NaN	3.00643E-4	NaN	8.39723E-1	5.53770E+1	NaN
1.09172E+3	7.60150E+1	7.19840E+1	5.45290E+1	5.84929E+2	7.63573E+2	NaN	3.01287E-4	NaN	8.39681E-1	5.53770E+1	NaN
1.10172E+3	7.60140E+1	7.19840E+1	5.45290E+1	5.84277E+2	7.67569E+2	NaN	3.01179E-4	NaN	8.39681E-1	5.53820E+1	NaN
1.11172E+3	7.60140E+1	7.19930E+1	5.45320E+1	5.85765E+2	7.69218E+2	NaN	3.00643E-4	NaN	8.39639E-1	5.53750E+1	NaN
1.12172E+3	7.60220E+1	7.19910E+1	5.45320E+1	5.83865E+2	7.66741E+2	NaN	3.00643E-4	NaN	8.39639E-1	5.53750E+1	NaN
1.13172E+3	7.59800E+1	7.19910E+1	5.45370E+1	5.84751E+2	7.67511E+2	NaN	3.01609E-4	NaN	8.39569E-1	5.53880E+1	NaN
1.14172E+3	7.60290E+1	7.20030E+1	5.45360E+1	5.84336E+2	7.67748E+2	NaN	3.00643E-4	NaN	8.39583E-1	5.53880E+1	NaN
1.15172E+3	7.60300E+1	7.18580E+1	5.45360E+1	5.85765E+2	7.68098E+2	NaN	3.01609E-4	NaN	8.39583E-1	5.53920E+1	NaN
1.16172E+3	7.60300E+1	7.20050E+1	5.45400E+1	5.83689E+2	7.68574E+2	NaN	3.01287E-4	NaN	8.39527E-1	5.53900E+1	NaN
1.17172E+3	7.60360E+1	7.20060E+1	5.45400E+1	5.83396E+2	7.65862E+2	NaN	3.01179E-4	NaN	8.39527E-1	5.53900E+1	NaN
1.18172E+3	7.60350E+1	7.20060E+1	5.45480E+1	5.85525E+2	7.67686E+2	NaN	3.00750E-4	NaN	8.39415E-1	5.54050E+1	NaN
1.19172E+3	7.60350E+1	7.20190E+1	5.45540E+1	5.83689E+2	7.66742E+2	NaN	3.01179E-4	NaN	8.39330E-1	5.54050E+1	NaN
1.20172E+3	7.60370E+1	7.20230E+1	5.45540E+1	5.83747E+2	7.66037E+2	NaN	3.01825E-4	NaN	8.39330E-1	5.54070E+1	NaN
1.21172E+3	7.60370E+1	7.20230E+1	5.45540E+1	5.85048E+2	7.68393E+2	NaN	3.01287E-4	NaN	8.39330E-1	5.54090E+1	NaN
1.22172E+3	7.60400E+1	7.20270E+1	5.45510E+1	5.83454E+2	7.66921E+2	NaN	3.01609E-4	NaN	8.39316E-1	5.54090E+1	NaN
1.23172E+3	7.60440E+1	7.20270E+1	5.45630E+1	5.84988E+2	7.66446E+2	NaN	3.01179E-4	NaN	8.39204E-1	5.54190E+1	NaN
1.24172E+3	7.60440E+1	7.20370E+1	5.45700E+1	5.85048E+2	7.71110E+2	NaN	3.00750E-4	NaN	8.39106E-1	5.53960E+1	NaN
1.25172E+3	7.60460E+1	7.20380E+1	5.45700E+1	5.84100E+2	7.67628E+2	NaN	3.01179E-4	NaN	8.39106E-1	5.54420E+1	NaN
1.26172E+3	7.60460E+1	7.20380E+1	5.45740E+1	5.83162E+2	7.66569E+2	NaN	3.00214E-4	NaN	8.39050E-1	5.54320E+1	NaN
1.27172E+3	7.60500E+1	7.20490E+1	5.45770E+1	5.82696E+2	7.68924E+2	NaN	3.00643E-4	NaN	8.39008E-1	5.54320E+1	NaN
1.28173E+3	7.60610E+1	7.20490E+1	5.45770E+1	5.84100E+2	7.68043E+2	NaN	3.00750E-4	NaN	8.39008E-1	5.54370E+1	NaN
1.29173E+3	7.60610E+1	7.20560E+1	5.45780E+1	5.82870E+2	7.66335E+2	NaN	3.01609E-4	NaN	8.38994E-1	5.54350E+1	NaN
1.30172E+3	7.60590E+1	7.20580E+1	5.45780E+1	5.84691E+2	7.69697E+2	NaN	3.01179E-4	NaN	8.38994E-1	5.54350E+1	NaN
1.31173E+3	7.60260E+1	7.20580E+1	5.45870E+1	5.83396E+2	7.68278E+2	NaN	3.00750E-4	NaN	8.38868E-1	5.54360E+1	NaN
1.32173E+3	7.60700E+1	7.20650E+1	5.45810E+1	5.84041E+2	7.67096E+2	NaN	3.01609E-4	NaN	8.38952E-1	5.54360E+1	NaN
1.33173E+3	7.60720E+1	7.19850E+1	5.45810E+1	5.84751E+2	7.69216E+2	NaN	3.01287E-4	NaN	8.38952E-1	5.54450E+1	NaN
1.34173E+3	7.60720E+1	7.20750E+1	5.45890E+1	5.86547E+2	7.68276E+2	NaN	3.01609E-4	NaN	8.38840E-1	5.54430E+1	NaN
1.35173E+3	7.60700E+1	7.20740E+1	5.45890E+1	5.84277E+2	7.68572E+2	NaN	3.01609E-4	NaN	8.38840E-1	5.54430E+1	NaN
1.36173E+3	7.60730E+1	7.20740E+1	5.45940E+1	5.83982E+2	7.68041E+2	NaN	3.01179E-4	NaN	8.38770E-1	5.54500E+1	NaN
1.37173E+3	7.60730E+1	7.20790E+1	5.46020E+1	5.84159E+2	7.69518E+2	NaN	3.01179E-4	NaN	8.38658E-1	5.54500E+1	NaN
1.38173E+3	7.60760E+1	7.20860E+1	5.46020E+1	5.85286E+2	7.69218E+2	NaN	3.01179E-4	NaN	8.38658E-1	5.54520E+1	NaN
1.39173E+3	7.60760E+1	7.20860E+1	5.46060E+1	5.85465E+2	7.69931E+2	NaN	3.01179E-4	NaN	8.38602E-1	5.54620E+1	NaN
1.40173E+3	7.60840E+1	7.20940E+1	5.46030E+1	5.83630E+2	7.66333E+2	NaN	3.01179E-4	NaN	8.38644E-1	5.54620E+1	NaN
1.41173E+3	7.60870E+1	7.20940E+1	5.46140E+1	5.83279E+2	7.69633E+2	NaN	3.01287E-4	NaN	8.38490E-1	5.54580E+1	NaN
1.42173E+3	7.60870E+1	7.21050E+1	5.46170E+1	5.84573E+2	7.70108E+2	NaN	3.00643E-4	NaN	8.38448E-1	5.54090E+1	NaN
1.43173E+3	7.60890E+1	7.21060E+1	5.46170E+1	5.84929E+2	7.69161E+2	NaN	3.01825E-4	NaN	8.38448E-1	5.54650E+1	NaN
1.44173E+3	7.60890E+1	7.21060E+1	5.46230E+1	5.84632E+2	7.71169E+2	NaN	3.01825E-4	NaN	8.38364E-1	5.54670E+1	NaN
1.45173E+3	7.60930E+1	7.21160E+1	5.46250E+1	5.84395E+2	7.69395E+2	NaN	3.01179E-4	NaN	8.38336E-1	5.54670E+1	NaN
1.46173E+3	7.60920E+1	7.21160E+1	5.46250E+1	5.84455E+2	7.71407E+2	NaN	3.01179E-4	NaN	8.38336E-1	5.54700E+1	NaN
1.47173E+3	7.60920E+1	7.21200E+1	5.46260E+1	5.84573E+2	7.69929E+2	NaN	3.01287E-4	NaN	8.38322E-1	5.54760E+1	NaN
1.48173E+3	7.61010E+1	7.21270E+1	5.46260E+1	5.81944E+2	7.71350E+2	NaN	3.01179E-4	NaN	8.38322E-1	5.54760E+1	NaN
1.49173E+3	7.60570E+1	7.21270E+1	5.46320E+1	5.84100E+2	7.70638E+2	NaN	3.01287E-4	NaN	8.38238E-1	5.54760E+1	NaN
1.50173E+3	7.61060E+1	7.21300E+1	5.46320E+1	5.84277E+2	7.71112E+2	NaN	3.00750E-4	NaN	8.38238E-1	5.54760E+1	NaN
1.51173E+3	7.61100E+1	7.20440E+1	5.46320E+1	5.83806E+2	7.72354E+2	NaN	3.00750E-4	NaN	8.38238E-1	5.54790E+1	NaN
1.52173E+3	7.61100E+1	7.21410E+1	5.46360E+1	5.85167E+2	7.73602E+2	NaN	3.01609E-4	NaN	8.38182E-1	5.54850E+1	NaN
1.53173E+3	7.61130E+1	7.21460E+1	5.46360E+1	5.84988E+2	7.70991E+2	NaN	3.00643E-4	NaN	8.38182E-1	5.54850E+1	NaN
1.54173E+3	7.61120E+1	7.21460E+1	5.46410E+1	5.83924E+2	7.73365E+2	NaN	3.01287E-4	NaN	8.38112E-1	5.54860E+1	NaN
1.55173E+3	7.61120E+1	7.21520E+1	5.46460E+1	5.84395E+2	7.73661E+2	NaN	3.00643E-4	NaN	8.38042E-1	5.54860E+1	NaN
1.56173E+3	7.61190E+1	7.21560E+1	5.46460E+1	5.84929E+2	7.73303E+2	NaN	3.01609E-4	NaN	8.38042E-1	5.54870E+1	NaN
1.57173E+3	7.61190E+1	7.21560E+1	5.46490E+1	5.84159E+2	7.69691E+2	NaN	3.01179E-4	NaN	8.38000E-1	5.54920E+1	NaN
1.58173E+3	7.61210E+1	7.21590E+1	5.46440E+1	5.83337E+2	7.73598E+2	NaN	3.01179E-4	NaN	8.38070E-1	5.54920E+1	NaN
1.59173E+3	7.61270E+1	7.21590E+1	5.46520E+1	5.84100E+2	7.72651E+2	NaN	3.01179E-4	NaN	8.37958E-1	5.54960E+1	NaN
1.60173E+3	7.61270E+1	7.21690E+1	5.46540E+1	5.82754E+2	7.70165E+2	NaN	3.00750E-4	NaN	8.37930E-1	5.54300E+1	NaN
1.61173E+3	7.61290E+1	7.21720E+1	5.46540E+1	5.83337E+2	7.72356E+2	NaN	3.01179E-4	NaN	8.37930E-1	5.55010E+1	NaN
1.62173E+3	7.61290E+1	7.21720E+1	5.46590E+1	5.85645E+2	7.76159E+2	NaN	3.00643E-4	NaN	8.37860E-1	5.55010E+1	NaN
1.63173E+3	7.61320E+1	7.21810E+1	5.46590E+1	5.85585E+2	7.75267E+2	NaN	3.01287E-4	NaN	8.37860E-1	5.55010E+1	NaN
1.64173E+3	7.61330E+1	7.21810E+1	5.46590E+1	5.83396E+2	7.72651E+2	NaN	3.01179E-4	NaN	8.37860E-1	5.55010E+1	NaN
1.65173E+3	7.61330E+1	7.21830E+1	5.46620E+1	5.82987E+2	7.73780E+2	NaN	3.00643E-4	NaN	8.37819E-1	5.55040E+1	NaN
1.66173E+3	7.61400E+1	7.21910E+1	5.46620E+1	5.84988E+2	7.71647E+2	NaN	3.01287E-4	NaN	8.37819E-1	5.55040E+1	NaN
1.67173E+3	7.61000E+1	7.21910E+1	5.46630E+1	5.84870E+2	7.71764E+2	NaN	3.00750E-4	NaN	8.37805E-1	5.55030E+1	NaN
1.68173E+3	7.61450E+1	7.21940E+1	5.46680E+1	5.84632E+2	7.74552E+2	NaN	3.00750E-4	NaN	8.37735E-1	5.55030E+1	NaN
1.69173E+3	7.61460E+1	7.21940E+1	5.46680E+1	5.84277E+2	7.73420E+2	NaN	3.01825E-4	NaN	8.37735E-1	5.55050E+1	NaN
1.70173E+3	7.61460E+1	7.22030E+1	5.46690E+1	5.83806E+2	7.72356E+2	NaN	3.00643E-4	NaN	8.37721E-1	5.55050E+1	NaN
1.71173E+3	7.61500E+1	7.22080E+1	5.46690E+1	5.83337E+2	7.71641E+2	NaN	3.02148E-4	NaN	8.37721E-1	5.55050E+1	NaN
1.72173E+3	7.61500E+1	7.22080E+1	5.46730E+1	5.83689E+2	7.74850E+2	NaN	3.01287E-4	NaN	8.37665E-1	5.55100E+1	NaN
1.73173E+3	7.61500E+1	7.22080E+1	5.46720E+1	5.83865E+2	7.72950E+2	NaN	3.00643E-4	NaN	8.37679E-1	5.55100E+1	NaN
1.74173E+3	7.61540E+1	7.22140E+1	5.46720E+1	5.84395E+2	7.75266E+2	NaN	3.01287E-4	NaN	8.37679E-1	5.55130E+1	NaN
1.75173E+3	7.61540E+1	7.22140E+1	5.46760E+1	5.85585E+2	7.74968E+2	NaN	3.01609E-4	NaN	8.37623E-1	5.55110E+1	NaN
1.76173E+3	7.61580E+1	7.22200E+1	5.46680E+1	5.82232E+2	7.71290E+2	NaN	3.00643E-4	NaN	8.37735E-1	5.55110E+1	NaN
1.77173E+3	7.61570E+1	7.22200E+1	5.46810E+1	5.83982E+2	7.72769E+2	NaN	3.01179E-4	NaN	8.37553E-1	5.55140E+1	NaN
1.78173E+3	7.61570E+1	7.22240E+1	5.46780E+1	5.83982E+2	7.71288E+2	NaN	3.00643E-4	NaN	8.37595E-1	5.54650E+1	NaN
1.79173E+3	7.61590E+1	7.22300E+1	5.46780E+1	5.83513E+2	7.74550E+2	NaN	3.00643E-4	NaN	8.37595E-1	5.55150E+1	NaN
1.80173E+3	7.61590E+1	7.22300E+1	5.46810E+1	5.84159E+2	7.74550E+2	NaN	2.99786E-4	NaN	8.37553E-1	5.55170E+1	NaN
1.81173E+3	7.61660E+1	7.22310E+1	5.46850E+1	5.84988E+2	7.72063E+2	NaN	3.00750E-4	NaN	8.37498E-1	5.55170E+1	NaN
1.82173E+3	7.61670E+1	7.22310E+1	5.46850E+1	5.83865E+2	7.81120E+2	NaN	3.00643E-4	NaN	8.37498E-1	5.55170E+1	NaN
1.83173E+3	7.61670E+1	7.22410E+1	5.46900E+1	5.82812E+2	7.08517E+2	NaN	3.00750E-4	NaN	8.37428E-1	5.55290E+1	NaN
1.84173E+3	7.61800E+1	7.22530E+1	5.46900E+1	5.83513E+2	6.45035E+2	NaN	3.01179E-4	NaN	8.37428E-1	5.55290E+1	NaN
1.85173E+3	7.61250E+1	7.22530E+1	5.47120E+1	5.84041E+2	5.81058E+2	NaN	3.01179E-4	NaN	8.37121E-1	5.55390E+1	NaN
1.86173E+3	7.61960E+1	7.22610E+1	5.47300E+1	5.83337E+2	5.66175E+2	NaN	3.01609E-4	NaN	8.36870E-1	5.55390E+1	NaN
1.87174E+3	7.62030E+1	7.22610E+1	5.47300E+1	5.83806E+2	5.62495E+2	NaN	3.01287E-4	NaN	8.36870E-1	5.55420E+1	NaN
1.88174E+3	7.62030E+1	7.22670E+1	5.47290E+1	5.84336E+2	5.57723E+2	NaN	3.00750E-4	NaN	8.36884E-1	5.55430E+1	NaN
1.89173E+3	7.62100E+1	7.22700E+1	5.47290E+1	5.84159E+2	5.38704E+2	NaN	3.00643E-4	NaN	8.36884E-1	5.55430E+1	NaN
1.90174E+3	7.62230E+1	7.22700E+1	5.47340E+1	5.84100E+2	4.23236E+2	NaN	3.01287E-4	NaN	8.36815E-1	5.55550E+1	NaN
1.91174E+3	7.62230E+1	7.22890E+1	5.47770E+1	5.83865E+2	3.26575E+2	NaN	3.01179E-4	NaN	8.36217E-1	5.55550E+1	NaN
1.92174E+3	7.62450E+1	7.22940E+1	5.47770E+1	5.83220E+2	2.57407E+2	NaN	3.00321E-4	NaN	8.36217E-1	5.55740E+1	NaN
1.93173E+3	7.62450E+1	7.23050E+1	5.48160E+1	5.85825E+2	2.08186E+2	NaN	3.00643E-4	NaN	8.35675E-1	5.55840E+1	NaN
1.94174E+3	7.62660E+1	7.23180E+1	5.48030E+1	5.84277E+2	1.67244E+2	NaN	3.01179E-4	NaN	8.35856E-1	5.55840E+1	NaN
1.95174E+3	7.62790E+1	7.23180E+1	5.48370E+1	5.82522E+2	1.22561E+2	NaN	3.01609E-4	NaN	8.35384E-1	5.55940E+1	NaN
1.96174E+3	7.62790E+1	7.23310E+1	5.48360E+1	5.84100E+2	8.89645E+1	NaN	3.01179E-4	NaN	8.35398E-1	5.55940E+1	NaN
1.97174E+3	7.62860E+1	7.23380E+1	5.48360E+1	5.84514E+2	6.72486E+1	NaN	3.00750E-4	NaN	8.35398E-1	5.55980E+1	NaN
1.98174E+3	7.62860E+1	7.23380E+1	5.48360E+1	5.83454E+2	5.19178E+1	NaN	3.01179E-4	NaN	8.35398E-1	5.56020E+1	NaN
1.99174E+3	7.62940E+1	7.23450E+1	5.48330E+1	5.83924E+2	4.06177E+1	NaN	3.01287E-4	NaN	8.35440E-1	5.56020E+1	NaN
2.00174E+3	7.63010E+1	7.23450E+1	5.48330E+1	5.83571E+2	3.24228E+1	NaN	3.00750E-4	NaN	8.35440E-1	5.56100E+1	NaN
2.01174E+3	7.63010E+1	7.23530E+1	5.48250E+1	5.85167E+2	2.58712E+1	NaN	3.01609E-4	NaN	8.35550E-1	5.56070E+1	NaN
2.02174E+3	7.63040E+1	7.23590E+1	5.48250E+1	5.83689E+2	2.00608E+1	NaN	3.01179E-4	NaN	8.35550E-1	5.56130E+1	NaN
2.03174E+3	7.61360E+1	7.23590E+1	5.48230E+1	5.85885E+2	1.50968E+1	NaN	3.01287E-4	NaN	8.35578E-1	5.56220E+1	NaN
2.04174E+3	7.63170E+1	7.23590E+1	5.48190E+1	5.83924E+2	1.12440E+1	NaN	3.01287E-4	NaN	8.35634E-1	5.56220E+1	NaN
2.05174E+3	7.63150E+1	7.23590E+1	5.48190E+1	5.84277E+2	8.34485E+0	NaN	3.00643E-4	NaN	8.35634E-1	5.56280E+1	NaN
2.06174E+3	7.63150E+1	7.23690E+1	5.48150E+1	5.82638E+2	6.18376E+0	NaN	3.01179E-4	NaN	8.35689E-1	5.56280E+1	NaN
2.07174E+3	7.63190E+1	7.23700E+1	5.48150E+1	5.84159E+2	4.64285E+0	NaN	3.01179E-4	NaN	8.35689E-1	5.56280E+1	NaN
2.08174E+3	7.63230E+1	7.23700E+1	5.48130E+1	5.85346E+2	3.46165E+0	NaN	3.01179E-4	NaN	8.35717E-1	5.56300E+1	NaN
2.09174E+3	7.63230E+1	7.23770E+1	5.48150E+1	5.82696E+2	2.59947E+0	NaN	3.00750E-4	NaN	8.35689E-1	5.56300E+1	NaN
2.10174E+3	7.63270E+1	7.23670E+1	5.48150E+1	5.83982E+2	1.92346E+0	NaN	3.01609E-4	NaN	8.35689E-1	5.56380E+1	NaN
2.11174E+3	7.63270E+1	7.23830E+1	5.48120E+1	5.83045E+2	1.45485E+0	NaN	3.00321E-4	NaN	8.35731E-1	5.56360E+1	NaN
2.12174E+3	7.63350E+1	7.23880E+1	5.47330E+1	5.83513E+2	1.09998E+0	NaN	3.00750E-4	NaN	8.36829E-1	5.56360E+1	NaN
2.13174E+3	7.63320E+1	7.23880E+1	5.48130E+1	5.84632E+2	8.34998E-1	NaN	3.00750E-4	NaN	8.35717E-1	5.56390E+1	NaN
2.14174E+3	7.63320E+1	7.23920E+1	5.48120E+1	5.83337E+2	6.38632E-1	NaN	3.01609E-4	NaN	8.35731E-1	5.56390E+1	NaN
2.15174E+3	7.63350E+1	7.23940E+1	5.48120E+1	5.85227E+2	4.92326E-1	NaN	3.00643E-4	NaN	8.35731E-1	5.56420E+1	NaN
2.16174E+3	7.63350E+1	7.23940E+1	5.48080E+1	5.84159E+2	3.83606E-1	NaN	3.01179E-4	NaN	8.35786E-1	5.56440E+1	NaN
2.17174E+3	7.63370E+1	7.23980E+1	5.48130E+1	5.83747E+2	3.01522E-1	NaN	3.01287E-4	NaN	8.35717E-1	5.56440E+1	NaN
2.18174E+3	7.63380E+1	7.23980E+1	5.48130E+1	5.84870E+2	2.40833E-1	NaN	3.01609E-4	NaN	8.35717E-1	5.56440E+1	NaN
2.19174E+3	7.63380E+1	7.24020E+1	5.48170E+1	5.84929E+2	1.95322E-1	NaN	3.00750E-4	NaN	8.35661E-1	5.56370E+1	NaN
2.20174E+3	7.63400E+1	7.24030E+1	5.48170E+1	5.85525E+2	1.60221E-1	NaN	3.01179E-4	NaN	8.35661E-1	5.56490E+1	NaN
2.21174E+3	7.61680E+1	7.24030E+1	5.48180E+1	5.84573E+2	1.33624E-1	NaN	3.01179E-4	NaN	8.35647E-1	5.56490E+1	NaN
2.22174E+3	7.63430E+1	7.24060E+1	5.48160E+1	5.85048E+2	1.13175E-1	NaN	3.01825E-4	NaN	8.35675E-1	5.56490E+1	NaN
2.23174E+3	7.63430E+1	7.24060E+1	5.48160E+1	5.82348E+2	9.73757E-2	NaN	3.00643E-4	NaN	8.35675E-1	5.56530E+1	NaN
2.24174E+3	7.63430E+1	7.24120E+1	5.48230E+1	5.84041E+2	8.46998E-2	NaN	3.01179E-4	NaN	8.35578E-1	5.56520E+1	NaN
2.25174E+3	7.63390E+1	7.24130E+1	5.48230E+1	5.86185E+2	7.50785E-2	NaN	3.00643E-4	NaN	8.35578E-1	5.56520E+1	NaN
2.26174E+3	7.63460E+1	7.24130E+1	5.48220E+1	5.82870E+2	6.70941E-2	NaN	3.00321E-4	NaN	8.35592E-1	5.56520E+1	NaN
2.27174E+3	7.63460E+1	7.24180E+1	5.48220E+1	5.84870E+2	6.06993E-2	NaN	3.00643E-4	NaN	8.35592E-1	5.56520E+1	NaN
2.28174E+3	7.63480E+1	7.23860E+1	5.48220E+1	5.83865E+2	5.57722E-2	NaN	3.00750E-4	NaN	8.35592E-1	5.56500E+1	NaN
2.29174E+3	7.63480E+1	7.24260E+1	5.48270E+1	5.84573E+2	5.13631E-2	NaN	3.00750E-4	NaN	8.35523E-1	5.56540E+1	NaN
2.30174E+3	7.63540E+1	7.24260E+1	5.47200E+1	5.84455E+2	4.81560E-2	NaN	3.01179E-4	NaN	8.37010E-1	5.56540E+1	NaN
2.31174E+3	7.63520E+1	7.24260E+1	5.48310E+1	5.83454E+2	4.53057E-2	NaN	3.01287E-4	NaN	8.35467E-1	5.56550E+1	NaN
2.32174E+3	7.63520E+1	7.24310E+1	5.48280E+1	5.84218E+2	4.29124E-2	NaN	3.01179E-4	NaN	8.35509E-1	5.56550E+1	NaN
2.33174E+3	7.63470E+1	7.24310E+1	5.48280E+1	5.84218E+2	4.10662E-2	NaN	3.00643E-4	NaN	8.35509E-1	5.56550E+1	NaN
2.34174E+3	7.63470E+1	7.24310E+1	5.48330E+1	5.83630E+2	3.93596E-2	NaN	3.01179E-4	NaN	8.35440E-1	5.56570E+1	NaN
2.35174E+3	7.63540E+1	7.24310E+1	5.48310E+1	5.84100E+2	3.80234E-2	NaN	3.01609E-4	NaN	8.35467E-1	5.56570E+1	NaN
2.36174E+3	7.63560E+1	7.24310E+1	5.48310E+1	5.83337E+2	3.66566E-2	NaN	3.01179E-4	NaN	8.35467E-1	5.56580E+1	NaN
2.37174E+3	7.63560E+1	7.24360E+1	5.48370E+1	5.83279E+2	3.54773E-2	NaN	2.99786E-4	NaN	8.35384E-1	5.56430E+1	NaN
2.38174E+3	7.63550E+1	7.24380E+1	5.48370E+1	5.83396E+2	3.44363E-2	NaN	3.01179E-4	NaN	8.35384E-1	5.56580E+1	NaN
2.39174E+3	7.63550E+1	7.24380E+1	5.48350E+1	5.85227E+2	3.35444E-2	NaN	3.01609E-4	NaN	8.35412E-1	5.56600E+1	NaN
2.40174E+3	7.63600E+1	7.24430E+1	5.48390E+1	5.84100E+2	3.24927E-2	NaN	3.01179E-4	NaN	8.35356E-1	5.56600E+1	NaN
2.41174E+3	7.63530E+1	7.24430E+1	5.48390E+1	5.84751E+2	3.17407E-2	NaN	3.01825E-4	NaN	8.35356E-1	5.56590E+1	NaN
2.42174E+3	7.63530E+1	7.24470E+1	5.48370E+1	5.83396E+2	3.09731E-2	NaN	3.00643E-4	NaN	8.35384E-1	5.56580E+1	NaN
2.43174E+3	7.63600E+1	7.24480E+1	5.48370E+1	5.83982E+2	3.02518E-2	NaN	3.00321E-4	NaN	8.35384E-1	5.56580E+1	NaN
2.44174E+3	7.63470E+1	7.24480E+1	5.48420E+1	5.83571E+2	2.96155E-2	NaN	3.01179E-4	NaN	8.35315E-1	5.56620E+1	NaN
2.45174E+3	7.63610E+1	7.24510E+1	5.48370E+1	5.82987E+2	2.89435E-2	NaN	3.01609E-4	NaN	8.35384E-1	5.56620E+1	NaN
2.46174E+3	7.63610E+1	7.24130E+1	5.48370E+1	5.84277E+2	2.83673E-2	NaN	3.00321E-4	NaN	8.35384E-1	5.56610E+1	NaN
2.47174E+3	7.63610E+1	7.24560E+1	5.48390E+1	5.82812E+2	2.78474E-2	NaN	3.00321E-4	NaN	8.35356E-1	5.56630E+1	NaN
2.48174E+3	7.63590E+1	7.24570E+1	5.47530E+1	5.83513E+2	2.72887E-2	NaN	3.01825E-4	NaN	8.36550E-1	5.56630E+1	NaN
2.49174E+3	7.63640E+1	7.24570E+1	5.48430E+1	5.84691E+2	2.67435E-2	NaN	3.01825E-4	NaN	8.35301E-1	5.56630E+1	NaN
2.50174E+3	7.63640E+1	7.24600E+1	5.48430E+1	5.84751E+2	2.62775E-2	NaN	3.00750E-4	NaN	8.35301E-1	5.56630E+1	NaN
2.51174E+3	7.63620E+1	7.24620E+1	5.48430E+1	5.85765E+2	2.58059E-2	NaN	3.00321E-4	NaN	8.35301E-1	5.56640E+1	NaN
2.52175E+3	7.63620E+1	7.24620E+1	5.48460E+1	5.83162E+2	2.53171E-2	NaN	3.00643E-4	NaN	8.35259E-1	5.56630E+1	NaN
2.53175E+3	7.63650E+1	7.24640E+1	5.48370E+1	5.82812E+2	2.49392E-2	NaN	3.01179E-4	NaN	8.35384E-1	5.56630E+1	NaN
2.54175E+3	7.63670E+1	7.24640E+1	5.48440E+1	5.83806E+2	2.44879E-2	NaN	3.01287E-4	NaN	8.35287E-1	5.56670E+1	NaN
2.55174E+3	7.63670E+1	7.24710E+1	5.48450E+1	5.83279E+2	2.41611E-2	NaN	3.01179E-4	NaN	8.35273E-1	5.56260E+1	NaN
2.56175E+3	7.63710E+1	7.24750E+1	5.48450E+1	5.84573E+2	2.37129E-2	NaN	3.01609E-4	NaN	8.35273E-1	5.56680E+1	NaN
2.57175E+3	7.63710E+1	7.24750E+1	5.48460E+1	5.83396E+2	2.33265E-2	NaN	3.00750E-4	NaN	8.35259E-1	5.56650E+1	NaN
2.58175E+3	7.63700E+1	7.24770E+1	5.48450E+1	5.84159E+2	2.29536E-2	NaN	3.00750E-4	NaN	8.35273E-1	5.56650E+1	NaN
2.59175E+3	7.63680E+1	7.24770E+1	5.48450E+1	5.83220E+2	2.25971E-2	NaN	3.00643E-4	NaN	8.35273E-1	5.56670E+1	NaN
2.60175E+3	7.63680E+1	7.24800E+1	5.48490E+1	5.84455E+2	2.22989E-2	NaN	3.00643E-4	NaN	8.35218E-1	5.56690E+1	NaN
2.61175E+3	7.63710E+1	7.24790E+1	5.48490E+1	5.84100E+2	2.19188E-2	NaN	3.00214E-4	NaN	8.35218E-1	5.56690E+1	NaN
2.62175E+3	7.63500E+1	7.24790E+1	5.48510E+1	5.85705E+2	2.16380E-2	NaN	3.00321E-4	NaN	8.35190E-1	5.56690E+1	NaN
2.63175E+3	7.63780E+1	7.24820E+1	5.48490E+1	5.84514E+2	2.13083E-2	NaN	3.01287E-4	NaN	8.35218E-1	5.56690E+1	NaN
2.64175E+3	7.63710E+1	7.24080E+1	5.48490E+1	5.84218E+2	2.10129E-2	NaN	3.01179E-4	NaN	8.35218E-1	5.56690E+1	NaN
2.65175E+3	7.63710E+1	7.24870E+1	5.48520E+1	5.83689E+2	2.07198E-2	NaN	3.01179E-4	NaN	8.35176E-1	5.56700E+1	NaN
2.66175E+3	7.63800E+1	7.24890E+1	5.48520E+1	5.85705E+2	2.04386E-2	NaN	3.01179E-4	NaN	8.35176E-1	5.56700E+1	NaN
2.67175E+3	7.63750E+1	7.24890E+1	5.48510E+1	5.83747E+2	2.01659E-2	NaN	3.01287E-4	NaN	8.35190E-1	5.56690E+1	NaN
2.68175E+3	7.63750E+1	7.24930E+1	5.48520E+1	5.84159E+2	1.98892E-2	NaN	3.01287E-4	NaN	8.35176E-1	5.56690E+1	NaN
2.69175E+3	7.63810E+1	7.24920E+1	5.48520E+1	5.84810E+2	1.96675E-2	NaN	3.01179E-4	NaN	8.35176E-1	5.56680E+1	NaN
2.70175E+3	7.63810E+1	7.24920E+1	5.48530E+1	5.81541E+2	1.94349E-2	NaN	3.01609E-4	NaN	8.35162E-1	5.56690E+1	NaN
2.71175E+3	7.63800E+1	7.24990E+1	5.48460E+1	5.84159E+2	1.92184E-2	NaN	3.00750E-4	NaN	8.35204E-1	5.56690E+1	NaN
2.72175E+3	7.63750E+1	7.24990E+1	5.48540E+1	5.82870E+2	1.89039E-2	NaN	2.99786E-4	NaN	8.35149E-1	5.56710E+1	NaN
2.73175E+3	7.63750E+1	7.25000E+1	5.48560E+1	5.83806E+2	1.86473E-2	NaN	3.01287E-4	NaN	8.35121E-1	5.56480E+1	NaN
2.74175E+3	7.63840E+1	7.25040E+1	5.48560E+1	5.84929E+2	1.84807E-2	NaN	3.01825E-4	NaN	8.35121E-1	5.56760E+1	NaN
2.75175E+3	7.63840E+1	7.25040E+1	5.48580E+1	5.84988E+2	1.81937E-2	NaN	3.00643E-4	NaN	8.35093E-1	5.56750E+1	NaN
2.76175E+3	7.63830E+1	7.25020E+1	5.48550E+1	5.83045E+2	1.80019E-2	NaN	3.01609E-4	NaN	8.35135E-1	5.56750E+1	NaN
2.77175E+3	7.63850E+1	7.25020E+1	5.48550E+1	5.83806E+2	1.78533E-2	NaN	3.01179E-4	NaN	8.35135E-1	5.56680E+1	NaN
2.78175E+3	7.63850E+1	7.25080E+1	5.48540E+1	5.83865E+2	1.76111E-2	NaN	3.01609E-4	NaN	8.35149E-1	5.56700E+1	NaN
2.79175E+3	7.63830E+1	7.25110E+1	5.48540E+1	5.84632E+2	1.74093E-2	NaN	3.01287E-4	NaN	8.35149E-1	5.56700E+1	NaN
2.80175E+3	7.63660E+1	7.25110E+1	5.48560E+1	5.83337E+2	1.71810E-2	NaN	3.01287E-4	NaN	8.35121E-1	5.56730E+1	NaN
2.81175E+3	7.63860E+1	7.25090E+1	5.48560E+1	5.84277E+2	1.70366E-2	NaN	3.01179E-4	NaN	8.35121E-1	5.56730E+1	NaN
2.82175E+3	7.63880E+1	7.24450E+1	5.48560E+1	5.84336E+2	1.68921E-2	NaN	3.00643E-4	NaN	8.35121E-1	5.56720E+1	NaN
2.83175E+3	7.63880E+1	7.25210E+1	5.48580E+1	5.82059E+2	1.67180E-2	NaN	3.01609E-4	NaN	8.35093E-1	5.56710E+1	NaN
2.84175E+3	7.63910E+1	7.25150E+1	5.48580E+1	5.84929E+2	1.65292E-2	NaN	3.01179E-4	NaN	8.35093E-1	5.56710E+1	NaN
2.85175E+3	7.63890E+1	7.25150E+1	5.48570E+1	5.82987E+2	1.63387E-2	NaN	3.01179E-4	NaN	8.35107E-1	5.56720E+1	NaN
2.86175E+3	7.63890E+1	7.25180E+1	5.48560E+1	5.84277E+2	1.61406E-2	NaN	3.00750E-4	NaN	8.35121E-1	5.56720E+1	NaN
2.87175E+3	7.63910E+1	7.25250E+1	5.48560E+1	5.84929E+2	1.59998E-2	NaN	3.01287E-4	NaN	8.35121E-1	5.56750E+1	NaN
2.88175E+3	7.63910E+1	7.25250E+1	5.48590E+1	5.83103E+2	1.58265E-2	NaN	3.00643E-4	NaN	8.35079E-1	5.56730E+1	NaN
2.89175E+3	7.63950E+1	7.25280E+1	5.48540E+1	5.82754E+2	1.56729E-2	NaN	3.00643E-4	NaN	8.35149E-1	5.56730E+1	NaN
2.90175E+3	7.63900E+1	7.25280E+1	5.48600E+1	5.85346E+2	1.55078E-2	NaN	3.01825E-4	NaN	8.35066E-1	5.56740E+1	NaN
2.91175E+3	7.63900E+1	7.25310E+1	5.48580E+1	5.82870E+2	1.54094E-2	NaN	3.02148E-4	NaN	8.35093E-1	5.56360E+1	NaN
2.92175E+3	7.63950E+1	7.25320E+1	5.48580E+1	5.84810E+2	1.51945E-2	NaN	3.00750E-4	NaN	8.35093E-1	5.56770E+1	NaN
2.93175E+3	7.63950E+1	7.25320E+1	5.48600E+1	5.82175E+2	1.51002E-2	NaN	3.01179E-4	NaN	8.35066E-1	5.56740E+1	NaN
2.94175E+3	7.64000E+1	7.25320E+1	5.48600E+1	5.83747E+2	1.49205E-2	NaN	3.00321E-4	NaN	8.35066E-1	5.56740E+1	NaN
2.95175E+3	7.63990E+1	7.25320E+1	5.48600E+1	5.84870E+2	1.47837E-2	NaN	3.00321E-4	NaN	8.35066E-1	5.56720E+1	NaN
2.96175E+3	7.63990E+1	7.25370E+1	5.48580E+1	5.84929E+2	1.46595E-2	NaN	3.01287E-4	NaN	8.35093E-1	5.56760E+1	NaN
2.97175E+3	7.63970E+1	7.25400E+1	5.48580E+1	5.83630E+2	1.45228E-2	NaN	3.01179E-4	NaN	8.35093E-1	5.56760E+1	NaN
2.98175E+3	7.63600E+1	7.25400E+1	5.48590E+1	5.83747E+2	1.43433E-2	NaN	3.01179E-4	NaN	8.35079E-1	5.56760E+1	NaN
2.99175E+3	7.64030E+1	7.25410E+1	5.48640E+1	5.83747E+2	1.42381E-2	NaN	3.01287E-4	NaN	8.35010E-1	5.56760E+1	NaN
3.00175E+3	7.64020E+1	7.23940E+1	5.48640E+1	5.84336E+2	1.41022E-2	NaN	3.01609E-4	NaN	8.35010E-1	5.56790E+1	NaN
3.01175E+3	7.64020E+1	7.25440E+1	5.48630E+1	5.84041E+2	1.40427E-2	NaN	3.01287E-4	NaN	8.35024E-1	5.56750E+1	NaN
3.02175E+3	7.64010E+1	7.25440E+1	5.48630E+1	5.83924E+2	1.38841E-2	NaN	3.00643E-4	NaN	8.35024E-1	5.56750E+1	NaN
3.03175E+3	7.64010E+1	7.25440E+1	5.48650E+1	5.85885E+2	1.37800E-2	NaN	3.00750E-4	NaN	8.34996E-1	5.56770E+1	NaN
3.04175E+3	7.64010E+1	7.25450E+1	5.48600E+1	5.84277E+2	1.36547E-2	NaN	3.00214E-4	NaN	8.35066E-1	5.56770E+1	NaN
3.05175E+3	7.64050E+1	7.25500E+1	5.48600E+1	5.84751E+2	1.35109E-2	NaN	3.01609E-4	NaN	8.35066E-1	5.56790E+1	NaN
3.06175E+3	7.64050E+1	7.25500E+1	5.48610E+1	5.84218E+2	1.33973E-2	NaN	3.00750E-4	NaN	8.35052E-1	5.56760E+1	NaN
3.07175E+3	7.64060E+1	7.25540E+1	5.48530E+1	5.82987E+2	1.33266E-2	NaN	3.00750E-4	NaN	8.35162E-1	5.56760E+1	NaN
3.08175E+3	7.64060E+1	7.25540E+1	5.48630E+1	5.83571E+2	1.31932E-2	NaN	3.00750E-4	NaN	8.35024E-1	5.56760E+1	NaN
3.09175E+3	7.64060E+1	7.25570E+1	5.48650E+1	5.83982E+2	1.30953E-2	NaN	3.00321E-4	NaN	8.34996E-1	5.56100E+1	NaN
3.10175E+3	7.64080E+1	7.25560E+1	5.48650E+1	5.83924E+2	1.29893E-2	NaN	3.01179E-4	NaN	8.34996E-1	5.56790E+1	NaN
3.11175E+3	7.64080E+1	7.25560E+1	5.48630E+1	5.84870E+2	1.28702E-2	NaN	3.01179E-4	NaN	8.35024E-1	5.56740E+1	NaN
3.12175E+3	7.64100E+1	7.25610E+1	5.48630E+1	5.83103E+2	1.27855E-2	NaN	3.00643E-4	NaN	8.35024E-1	5.56740E+1	NaN
3.13175E+3	7.64100E+1	7.25610E+1	5.48630E+1	5.85107E+2	1.26877E-2	NaN	3.00750E-4	NaN	8.35024E-1	5.56770E+1	NaN
3.14175E+3	7.64100E+1	7.25650E+1	5.48640E+1	5.83279E+2	1.25887E-2	NaN	3.01179E-4	NaN	8.35010E-1	5.56770E+1	NaN
3.15175E+3	7.64110E+1	7.25650E+1	5.48640E+1	5.83337E+2	1.24657E-2	NaN	3.01609E-4	NaN	8.35010E-1	5.56770E+1	NaN
3.16175E+3	7.63520E+1	7.25650E+1	5.48680E+1	5.85465E+2	1.23685E-2	NaN	3.00643E-4	NaN	8.34955E-1	5.56760E+1	NaN
3.17175E+3	7.64130E+1	7.25690E+1	5.48640E+1	5.83747E+2	1.22975E-2	NaN	3.00214E-4	NaN	8.35010E-1	5.56760E+1	NaN
3.18175E+3	7.64090E+1	7.25690E+1	5.48640E+1	5.84336E+2	1.22223E-2	NaN	3.01179E-4	NaN	8.35010E-1	5.56780E+1	NaN
3.19175E+3	7.64090E+1	7.25700E+1	5.48650E+1	5.86426E+2	1.21409E-2	NaN	3.00643E-4	NaN	8.34996E-1	5.56760E+1	NaN
3.20175E+3	7.64170E+1	7.25700E+1	5.48650E+1	5.84455E+2	1.20166E-2	NaN	3.01179E-4	NaN	8.34996E-1	5.56760E+1	NaN
3.21175E+3	7.64170E+1	7.25700E+1	5.48640E+1	5.83454E+2	1.19523E-2	NaN	3.00321E-4	NaN	8.35010E-1	5.56800E+1	NaN
3.22175E+3	7.64170E+1	7.25710E+1	5.48650E+1	5.86065E+2	1.18582E-2	NaN	3.01609E-4	NaN	8.34996E-1	5.56800E+1	NaN
3.23175E+3	7.64180E+1	7.25770E+1	5.48650E+1	5.83513E+2	1.17504E-2	NaN	3.01179E-4	NaN	8.34996E-1	5.56790E+1	NaN
3.24175E+3	7.64180E+1	7.25770E+1	5.48650E+1	5.84277E+2	1.16865E-2	NaN	3.00750E-4	NaN	8.34996E-1	5.56780E+1	NaN
3.25175E+3	7.64170E+1	7.25790E+1	5.48580E+1	5.82929E+2	1.16185E-2	NaN	3.00750E-4	NaN	8.35093E-1	5.56780E+1	NaN
3.26175E+3	7.64210E+1	7.25790E+1	5.48680E+1	5.83220E+2	1.15244E-2	NaN	3.01609E-4	NaN	8.34955E-1	5.56790E+1	NaN
3.27175E+3	7.64210E+1	7.25810E+1	5.48650E+1	5.82522E+2	1.14389E-2	NaN	3.01179E-4	NaN	8.34996E-1	5.56040E+1	NaN
3.28175E+3	7.64210E+1	7.25800E+1	5.48650E+1	5.84514E+2	1.13480E-2	NaN	3.02148E-4	NaN	8.34996E-1	5.56800E+1	NaN
3.29175E+3	7.64210E+1	7.25800E+1	5.48640E+1	5.84218E+2	1.13080E-2	NaN	3.00750E-4	NaN	8.35010E-1	5.56790E+1	NaN
3.30175E+3	7.64210E+1	7.25850E+1	5.48660E+1	5.85048E+2	1.12146E-2	NaN	3.01179E-4	NaN	8.34982E-1	5.56790E+1	NaN
3.31175E+3	7.64200E+1	7.25850E+1	5.48660E+1	5.83924E+2	1.11545E-2	NaN	3.01287E-4	NaN	8.34982E-1	5.56780E+1	NaN
3.32175E+3	7.64200E+1	7.25870E+1	5.48650E+1	5.83924E+2	1.10108E-2	NaN	3.01825E-4	NaN	8.34996E-1	5.56780E+1	NaN
3.33175E+3	7.64240E+1	7.25890E+1	5.48650E+1	5.85167E+2	1.09568E-2	NaN	3.01179E-4	NaN	8.34996E-1	5.56830E+1	NaN
3.34175E+3	7.63420E+1	7.25890E+1	5.48720E+1	5.84041E+2	1.08823E-2	NaN	3.01287E-4	NaN	8.34899E-1	5.56810E+1	NaN
3.35175E+3	7.64280E+1	7.25910E+1	5.48650E+1	5.83513E+2	1.08231E-2	NaN	3.00643E-4	NaN	8.34996E-1	5.56810E+1	NaN
3.36175E+3	7.64250E+1	7.25910E+1	5.48650E+1	5.83806E+2	1.07404E-2	NaN	3.00643E-4	NaN	8.34996E-1	5.56810E+1	NaN
3.37176E+3	7.64250E+1	7.25950E+1	5.48680E+1	5.84277E+2	1.06844E-2	NaN	3.01179E-4	NaN	8.34955E-1	5.56810E+1	NaN
3.38176E+3	7.64290E+1	7.25960E+1	5.48680E+1	5.84336E+2	1.06263E-2	NaN	3.00750E-4	NaN	8.34955E-1	5.56810E+1	NaN
3.39176E+3	7.64310E+1	7.25960E+1	5.48680E+1	5.84395E+2	1.05588E-2	NaN	3.01179E-4	NaN	8.34955E-1	5.56810E+1	NaN
3.40175E+3	7.64310E+1	7.25960E+1	5.48680E+1	5.83103E+2	1.04870E-2	NaN	3.01609E-4	NaN	8.34955E-1	5.56810E+1	NaN
3.41176E+3	7.64280E+1	7.25870E+1	5.48680E+1	5.83103E+2	1.04060E-2	NaN	3.01179E-4	NaN	8.34955E-1	5.56800E+1	NaN
3.42176E+3	7.64280E+1	7.26030E+1	5.48670E+1	5.86065E+2	1.03503E-2	NaN	3.01609E-4	NaN	8.34969E-1	5.56770E+1	NaN
3.43176E+3	7.64350E+1	7.26000E+1	5.48150E+1	5.83806E+2	1.02664E-2	NaN	3.01179E-4	NaN	8.35689E-1	5.56770E+1	NaN
3.44176E+3	7.64290E+1	7.26000E+1	5.48700E+1	5.83865E+2	1.01980E-2	NaN	3.01179E-4	NaN	8.34927E-1	5.56770E+1	NaN
3.45176E+3	7.64290E+1	7.26060E+1	5.48670E+1	5.85346E+2	1.01473E-2	NaN	3.00214E-4	NaN	8.34969E-1	5.56770E+1	NaN
3.46176E+3	7.64330E+1	7.26090E+1	5.48670E+1	5.83924E+2	1.00868E-2	NaN	3.01609E-4	NaN	8.34969E-1	5.56820E+1	NaN
3.47176E+3	7.64330E+1	7.26090E+1	5.48660E+1	5.82001E+2	1.00158E-2	NaN	3.01287E-4	NaN	8.34982E-1	5.56810E+1	NaN
3.48176E+3	7.64330E+1	7.26060E+1	5.48690E+1	5.83396E+2	9.95911E-3	NaN	3.00643E-4	NaN	8.34941E-1	5.56810E+1	NaN
3.49176E+3	7.64300E+1	7.26060E+1	5.48690E+1	5.85406E+2	9.90644E-3	NaN	3.01825E-4	NaN	8.34941E-1	5.56780E+1	NaN
3.50176E+3	7.64300E+1	7.26120E+1	5.48700E+1	5.85645E+2	9.83598E-3	NaN	3.00643E-4	NaN	8.34927E-1	5.56780E+1	NaN
3.51176E+3	7.64340E+1	7.26090E+1	5.48700E+1	5.84100E+2	9.78326E-3	NaN	3.00214E-4	NaN	8.34927E-1	5.56840E+1	NaN
3.52176E+3	7.63140E+1	7.26090E+1	5.48690E+1	5.84218E+2	9.73454E-3	NaN	3.01825E-4	NaN	8.34941E-1	5.56810E+1	NaN
3.53176E+3	7.64350E+1	7.26130E+1	5.48700E+1	5.84870E+2	9.66533E-3	NaN	3.01287E-4	NaN	8.34927E-1	5.56810E+1	NaN
3.54176E+3	7.64370E+1	7.26130E+1	5.48700E+1	5.83924E+2	9.58927E-3	NaN	3.00321E-4	NaN	8.34927E-1	5.56820E+1	NaN
3.55176E+3	7.64370E+1	7.26170E+1	5.48660E+1	5.82406E+2	9.53568E-3	NaN	3.00643E-4	NaN	8.34982E-1	5.56800E+1	NaN
3.56176E+3	7.64360E+1	7.26180E+1	5.48660E+1	5.85107E+2	9.50939E-3	NaN	3.00750E-4	NaN	8.34982E-1	5.56800E+1	NaN
3.57176E+3	7.64370E+1	7.26180E+1	5.48700E+1	5.83630E+2	9.42218E-3	NaN	3.01609E-4	NaN	8.34927E-1	5.56820E+1	NaN
3.58176E+3	7.64370E+1	7.26230E+1	5.48730E+1	5.84573E+2	9.40556E-3	NaN	3.01609E-4	NaN	8.34886E-1	5.56820E+1	NaN
3.59176E+3	7.64380E+1	7.26000E+1	5.48730E+1	5.83806E+2	9.31931E-3	NaN	3.00750E-4	NaN	8.34886E-1	5.56820E+1	NaN
3.60176E+3	7.64380E+1	7.26240E+1	5.48700E+1	5.84929E+2	9.25873E-3	NaN	3.01287E-4	NaN	8.34927E-1	5.56810E+1	NaN
3.61176E+3	7.64420E+1	7.26210E+1	5.47630E+1	5.84514E+2	9.21899E-3	NaN	3.00643E-4	NaN	8.36411E-1	5.56810E+1	NaN
3.62176E+3	7.64430E+1	7.26210E+1	5.48710E+1	5.84988E+2	9.15907E-3	NaN	3.01179E-4	NaN	8.34913E-1	5.56780E+1	NaN
3.63176E+3	7.64430E+1	7.26290E+1	5.48710E+1	5.83982E+2	9.13025E-3	NaN	3.01287E-4	NaN	8.34913E-1	5.56780E+1	NaN
3.64176E+3	7.64430E+1	7.26290E+1	5.48710E+1	5.83337E+2	9.07439E-3	NaN	3.01179E-4	NaN	8.34913E-1	5.56810E+1	NaN
3.65176E+3	7.64430E+1	7.26290E+1	5.48680E+1	5.86065E+2	8.95743E-3	NaN	2.99786E-4	NaN	8.34955E-1	5.56790E+1	NaN
3.66176E+3	7.64450E+1	7.26320E+1	5.48710E+1	5.82696E+2	8.95463E-3	NaN	3.00750E-4	NaN	8.34913E-1	5.56790E+1	NaN
3.67176E+3	7.64420E+1	7.26320E+1	5.48710E+1	5.83865E+2	8.93891E-3	NaN	3.01179E-4	NaN	8.34913E-1	5.56810E+1	NaN
3.68176E+3	7.64420E+1	7.26320E+1	5.48690E+1	5.84100E+2	8.87735E-3	NaN	3.00321E-4	NaN	8.34941E-1	5.56500E+1	NaN
3.69176E+3	7.64460E+1	7.26310E+1	5.48690E+1	5.85107E+2	8.84064E-3	NaN	3.02148E-4	NaN	8.34941E-1	5.56840E+1	NaN
3.70177E+3	7.64460E+1	7.26310E+1	5.48690E+1	5.83924E+2	8.76435E-3	NaN	3.01609E-4	NaN	8.34941E-1	5.56830E+1	NaN
3.71176E+3	7.64460E+1	7.26350E+1	5.48710E+1	5.83571E+2	8.72074E-3	NaN	3.00643E-4	NaN	8.34913E-1	5.56830E+1	NaN
3.72177E+3	7.64530E+1	7.26350E+1	5.48710E+1	5.82929E+2	8.67996E-3	NaN	3.01179E-4	NaN	8.34913E-1	5.56830E+1	NaN
3.73177E+3	7.64530E+1	7.26380E+1	5.48700E+1	5.84929E+2	8.63544E-3	NaN	3.00750E-4	NaN	8.34927E-1	5.56830E+1	NaN
3.74177E+3	7.64460E+1	7.26410E+1	5.48700E+1	5.83806E+2	8.59905E-3	NaN	3.01609E-4	NaN	8.34927E-1	5.56830E+1	NaN
3.75177E+3	7.64370E+1	7.26410E+1	5.48690E+1	5.84100E+2	8.55034E-3	NaN	3.01179E-4	NaN	8.34941E-1	5.56810E+1	NaN
3.76177E+3	7.64520E+1	7.26410E+1	5.48690E+1	5.85167E+2	8.50583E-3	NaN	3.01287E-4	NaN	8.34941E-1	5.56810E+1	NaN
3.77177E+3	7.64500E+1	7.25900E+1	5.48690E+1	5.83689E+2	8.44992E-3	NaN	3.01179E-4	NaN	8.34941E-1	5.56840E+1	NaN
3.78177E+3	7.64500E+1	7.26480E+1	5.48730E+1	5.82870E+2	8.41625E-3	NaN	3.01609E-4	NaN	8.34886E-1	5.56820E+1	NaN
3.79177E+3	7.64520E+1	7.26440E+1	5.48730E+1	5.83396E+2	8.36923E-3	NaN	3.01179E-4	NaN	8.36119E-1	5.56820E+1	NaN
3.80177E+3	7.64550E+1	7.26440E+1	5.48710E+1	5.83454E+2	8.30460E-3	NaN	3.01825E-4	NaN	8.34913E-1	5.56830E+1	NaN
3.81177E+3	7.64550E+1	7.26460E+1	5.48700E+1	5.83806E+2	8.23035E-3	NaN	3.01287E-4	NaN	8.34927E-1	5.56830E+1	NaN
3.82177E+3	7.64540E+1	7.26450E+1	5.48700E+1	5.84929E+2	8.23792E-3	NaN	3.01179E-4	NaN	8.34927E-1	5.56810E+1	NaN
3.83177E+3	7.64540E+1	7.26450E+1	5.48700E+1	5.83571E+2	8.17178E-3	NaN	3.00321E-4	NaN	8.34927E-1	5.56810E+1	NaN
3.84177E+3	7.64550E+1	7.26500E+1	5.48630E+1	5.84632E+2	8.16175E-3	NaN	3.01609E-4	NaN	8.35024E-1	5.56810E+1	NaN
3.85177E+3	7.64530E+1	7.26500E+1	5.48730E+1	5.84514E+2	8.11119E-3	NaN	3.01609E-4	NaN	8.34886E-1	5.56790E+1	NaN
3.86177E+3	7.64530E+1	7.26540E+1	5.48720E+1	5.83454E+2	8.08013E-3	NaN	3.01179E-4	NaN	8.34899E-1	5.56430E+1	NaN
3.87177E+3	7.64530E+1	7.26530E+1	5.48720E+1	5.85465E+2	8.03065E-3	NaN	3.01179E-4	NaN	8.34899E-1	5.56850E+1	NaN
3.88177E+3	7.64530E+1	7.26530E+1	5.48720E+1	5.84395E+2	7.95825E-3	NaN	3.00750E-4	NaN	8.34899E-1	5.56830E+1	NaN
3.89177E+3	7.64590E+1	7.26560E+1	5.48710E+1	5.82929E+2	7.92106E-3	NaN	3.00750E-4	NaN	8.34913E-1	5.56830E+1	NaN
3.90177E+3	7.64570E+1	7.26560E+1	5.48710E+1	5.84041E+2	7.90103E-3	NaN	3.00750E-4	NaN	8.34913E-1	5.56800E+1	NaN
3.91177E+3	7.64570E+1	7.26580E+1	5.48700E+1	5.84929E+2	7.86413E-3	NaN	3.01179E-4	NaN	8.34927E-1	5.56800E+1	NaN
3.92177E+3	7.64560E+1	7.26560E+1	5.48700E+1	5.84929E+2	7.82495E-3	NaN	3.02148E-4	NaN	8.34927E-1	5.56800E+1	NaN
3.93177E+3	7.64130E+1	7.26560E+1	5.48710E+1	5.83337E+2	7.77350E-3	NaN	3.01179E-4	NaN	8.34913E-1	5.56830E+1	NaN
3.94177E+3	7.64590E+1	7.26610E+1	5.48700E+1	5.83103E+2	7.74969E-3	NaN	3.00643E-4	NaN	8.34927E-1	5.56830E+1	NaN
3.95177E+3	7.64610E+1	7.25810E+1	5.48700E+1	5.84100E+2	7.73367E-3	NaN	3.01179E-4	NaN	8.34927E-1	5.56840E+1	NaN
3.96177E+3	7.64610E+1	7.26660E+1	5.48720E+1	5.83396E+2	7.65513E-3	NaN	3.00643E-4	NaN	8.34899E-1	5.56800E+1	NaN
3.97177E+3	7.64600E+1	7.26650E+1	5.48720E+1	5.84277E+2	7.63459E-3	NaN	3.01179E-4	NaN	8.34899E-1	5.56800E+1	NaN
3.98177E+3	7.64620E+1	7.26650E+1	5.48700E+1	5.83865E+2	7.60825E-3	NaN	3.00643E-4	NaN	8.34927E-1	5.56800E+1	NaN
3.99177E+3	7.64620E+1	7.26620E+1	5.48720E+1	5.84632E+2	7.57678E-3	NaN	3.01825E-4	NaN	8.34899E-1	5.56800E+1	NaN
4.00177E+3	7.64610E+1	7.26700E+1	5.48720E+1	5.84041E+2	7.55700E-3	NaN	3.01179E-4	NaN	8.34899E-1	5.56820E+1	NaN
4.01177E+3	7.64610E+1	7.26700E+1	5.48740E+1	5.83806E+2	7.49003E-3	NaN	3.00750E-4	NaN	8.34872E-1	5.56810E+1	NaN
4.02177E+3	7.64650E+1	7.26660E+1	5.48510E+1	5.82696E+2	7.46247E-3	NaN	3.00750E-4	NaN	8.35190E-1	5.56810E+1	NaN
4.03177E+3	7.64650E+1	7.26660E+1	5.48700E+1	5.84870E+2	7.41455E-3	NaN	3.01179E-4	NaN	8.34927E-1	5.56800E+1	NaN
4.04177E+3	7.64650E+1	7.26710E+1	5.48730E+1	5.83396E+2	7.39352E-3	NaN	3.01179E-4	NaN	8.34886E-1	5.56380E+1	NaN
4.05177E+3	7.64640E+1	7.26710E+1	5.48730E+1	5.83630E+2	7.33697E-3	NaN	3.01287E-4	NaN	8.34886E-1	5.56870E+1	NaN
4.06177E+3	7.64640E+1	7.26710E+1	5.48720E+1	5.84810E+2	7.31334E-3	NaN	3.01609E-4	NaN	8.34899E-1	5.56810E+1	NaN
4.07177E+3	7.64630E+1	7.26740E+1	5.48720E+1	5.83513E+2	7.32404E-3	NaN	3.01609E-4	NaN	8.34899E-1	5.56810E+1	NaN
4.08177E+3	7.65470E+1	7.26740E+1	5.48720E+1	5.84218E+2	7.28367E-3	NaN	3.00643E-4	NaN	8.34899E-1	5.56840E+1	NaN
4.09177E+3	7.65470E+1	7.30560E+1	5.48720E+1	5.84751E+2	7.22852E-3	NaN	3.00750E-4	NaN	8.34899E-1	5.56810E+1	NaN
4.10177E+3	7.72770E+1	7.45390E+1	5.48720E+1	5.84277E+2	7.17380E-3	NaN	3.01179E-4	NaN	8.34899E-1	5.56810E+1	NaN
4.11177E+3	7.80870E+1	7.45390E+1	5.48760E+1	5.85645E+2	7.16390E-3	NaN	3.00750E-4	NaN	8.34844E-1	5.56810E+1	NaN
4.12177E+3	7.81450E+1	7.60220E+1	5.48780E+1	5.83865E+2	7.13705E-3	NaN	3.00214E-4	NaN	8.34816E-1	5.56810E+1	NaN
4.13178E+3	7.89910E+1	7.60220E+1	5.48780E+1	5.85107E+2	7.10476E-3	NaN	3.01287E-4	NaN	8.34816E-1	5.56850E+1	NaN
4.14177E+3	7.89910E+1	7.74230E+1	5.48810E+1	5.84336E+2	7.05696E-3	NaN	3.01609E-4	NaN	8.34775E-1	5.56820E+1	NaN
4.15178E+3	7.98310E+1	7.87790E+1	5.48810E+1	5.84870E+2	7.02885E-3	NaN	3.00643E-4	NaN	8.34775E-1	5.56820E+1	NaN
4.16178E+3	8.06610E+1	7.87790E+1	5.48840E+1	5.84573E+2	6.97939E-3	NaN	3.01179E-4	NaN	8.34733E-1	5.56810E+1	NaN
4.17178E+3	8.06610E+1	8.01320E+1	5.48870E+1	5.83689E+2	6.94627E-3	NaN	3.01287E-4	NaN	8.34692E-1	5.56810E+1	NaN
4.18178E+3	8.14990E+1	8.14840E+1	5.48870E+1	5.84988E+2	6.91380E-3	NaN	3.01179E-4	NaN	8.34692E-1	5.56850E+1	NaN
4.19178E+3	8.14990E+1	8.14840E+1	5.48940E+1	5.84395E+2	6.85410E-3	NaN	3.00643E-4	NaN	8.34595E-1	5.56810E+1	NaN
4.20178E+3	8.23290E+1	8.28520E+1	5.48900E+1	5.83513E+2	6.83730E-3	NaN	3.01179E-4	NaN	8.34650E-1	5.56810E+1	NaN
4.21178E+3	8.31510E+1	8.28520E+1	5.49000E+1	5.83806E+2	6.80693E-3	NaN	3.00750E-4	NaN	8.34512E-1	5.56840E+1	NaN
4.22178E+3	8.31510E+1	8.42310E+1	5.49050E+1	5.82001E+2	6.75020E-3	NaN	3.00750E-4	NaN	8.34443E-1	5.56230E+1	NaN
4.23178E+3	8.39820E+1	8.56290E+1	5.49050E+1	5.85705E+2	6.71304E-3	NaN	3.01825E-4	NaN	8.34443E-1	5.56880E+1	NaN
4.24178E+3	8.39820E+1	8.56290E+1	5.49120E+1	5.83454E+2	6.68731E-3	NaN	3.00321E-4	NaN	8.34346E-1	5.56920E+1	NaN
4.25178E+3	8.48050E+1	8.70450E+1	5.49200E+1	5.84218E+2	6.65912E-3	NaN	3.01179E-4	NaN	8.34236E-1	5.56920E+1	NaN
4.26178E+3	8.56220E+1	8.70450E+1	5.49200E+1	5.84395E+2	6.61836E-3	NaN	3.01179E-4	NaN	8.34236E-1	5.56900E+1	NaN
4.27178E+3	8.56220E+1	8.84720E+1	5.49290E+1	5.83747E+2	6.59554E-3	NaN	3.01287E-4	NaN	8.34112E-1	5.56960E+1	NaN
4.28178E+3	8.64440E+1	8.99170E+1	5.49290E+1	5.84041E+2	6.56321E-3	NaN	3.00321E-4	NaN	8.34112E-1	5.56960E+1	NaN
4.29178E+3	8.71930E+1	8.99170E+1	5.49360E+1	5.85227E+2	6.51553E-3	NaN	3.01825E-4	NaN	8.34015E-1	5.57040E+1	NaN
4.30178E+3	8.72820E+1	9.14010E+1	5.49470E+1	5.84691E+2	6.47916E-3	NaN	3.01825E-4	NaN	8.33863E-1	5.57040E+1	NaN
4.31178E+3	8.81000E+1	9.26260E+1	5.49470E+1	5.84573E+2	6.37115E-3	NaN	3.00750E-4	NaN	8.33863E-1	5.57110E+1	NaN
4.32178E+3	8.81000E+1	9.28960E+1	5.49610E+1	5.84336E+2	5.31964E-3	NaN	3.00214E-4	NaN	8.33670E-1	5.57150E+1	NaN
4.33178E+3	8.89300E+1	9.44070E+1	5.49610E+1	5.83630E+2	4.18779E-3	NaN	3.01179E-4	NaN	8.33670E-1	5.57150E+1	NaN
4.34178E+3	8.97580E+1	9.44070E+1	5.49720E+1	5.84514E+2	3.12691E-3	NaN	3.00643E-4	NaN	8.33519E-1	5.57230E+1	NaN
4.35178E+3	8.97580E+1	9.59500E+1	5.49800E+1	5.84336E+2	2.25814E-3	NaN	3.01179E-4	NaN	8.33409E-1	5.57230E+1	NaN
4.36178E+3	9.05920E+1	9.75000E+1	5.49800E+1	5.83689E+2	1.64987E-3	NaN	3.01825E-4	NaN	8.33409E-1	5.57360E+1	NaN
4.37178E+3	9.05920E+1	9.75000E+1	5.49910E+1	5.83103E+2	1.13384E-3	NaN	3.01287E-4	NaN	8.33257E-1	5.57480E+1	NaN
4.38178E+3	9.14400E+1	9.90920E+1	5.49910E+1	5.84514E+2	6.45333E-4	NaN	3.01609E-4	NaN	8.33257E-1	5.57480E+1	NaN
4.39178E+3	9.22730E+1	9.90920E+1	5.50010E+1	5.84218E+2	3.07882E-4	NaN	3.00750E-4	NaN	8.33120E-1	5.57540E+1	NaN
4.40178E+3	9.22730E+1	1.00706E+2	5.50100E+1	5.83513E+2	1.03900E-4	NaN	3.01179E-4	NaN	8.32996E-1	5.57180E+1	NaN
4.41178E+3	9.31140E+1	1.02347E+2	5.50100E+1	5.82754E+2	1.03900E-4	NaN	3.01825E-4	NaN	8.32996E-1	5.57700E+1	NaN
4.42178E+3	9.31140E+1	1.02347E+2	5.50200E+1	5.85406E+2	1.04020E-4	NaN	3.01179E-4	NaN	8.32858E-1	5.57820E+1	NaN
4.43178E+3	9.39660E+1	1.04015E+2	5.50350E+1	5.85945E+2	1.04036E-4	NaN	3.00750E-4	NaN	8.32652E-1	5.57820E+1	NaN
4.44178E+3	9.48130E+1	1.04015E+2	5.50350E+1	5.82812E+2	1.04148E-4	NaN	3.01287E-4	NaN	8.32652E-1	5.57950E+1	NaN
4.45178E+3	9.48130E+1	1.05716E+2	5.50480E+1	5.84455E+2	1.03972E-4	NaN	3.00643E-4	NaN	8.32474E-1	5.58110E+1	NaN
4.46178E+3	9.56720E+1	1.07445E+2	5.50480E+1	5.83513E+2	1.03900E-4	NaN	3.00214E-4	NaN	8.32474E-1	5.58110E+1	NaN
4.47178E+3	9.64390E+1	1.07445E+2	5.50650E+1	5.83279E+2	1.03932E-4	NaN	3.01179E-4	NaN	8.32240E-1	5.58270E+1	NaN
4.48178E+3	9.65300E+1	1.09200E+2	5.50810E+1	5.84336E+2	1.03964E-4	NaN	3.00643E-4	NaN	8.32021E-1	5.58270E+1	NaN
4.49178E+3	9.73890E+1	1.10706E+2	5.50810E+1	5.83924E+2	1.03980E-4	NaN	3.01287E-4	NaN	8.32021E-1	5.58450E+1	NaN
4.50178E+3	9.73890E+1	1.11001E+2	5.50980E+1	5.84218E+2	1.03861E-4	NaN	3.00643E-4	NaN	8.31788E-1	5.58610E+1	NaN
4.51178E+3	9.82640E+1	1.12807E+2	5.50980E+1	5.82348E+2	1.03797E-4	NaN	3.00214E-4	NaN	8.31788E-1	5.58610E+1	NaN
4.52178E+3	9.91300E+1	1.12807E+2	5.51170E+1	5.82870E+2	1.03988E-4	NaN	3.00643E-4	NaN	8.31528E-1	5.58780E+1	NaN
4.53178E+3	9.91300E+1	1.14657E+2	5.51350E+1	5.84277E+2	1.03765E-4	NaN	3.01609E-4	NaN	8.31281E-1	5.58780E+1	NaN
4.54178E+3	1.00014E+2	1.16550E+2	5.51350E+1	5.84929E+2	1.03908E-4	NaN	3.01179E-4	NaN	8.31281E-1	5.59000E+1	NaN
4.55178E+3	1.00014E+2	1.16550E+2	5.51560E+1	5.85406E+2	1.03837E-4	NaN	3.01179E-4	NaN	8.30994E-1	5.59190E+1	NaN
4.56178E+3	1.00904E+2	1.18482E+2	5.51690E+1	5.83571E+2	1.03924E-4	NaN	3.01179E-4	NaN	8.30817E-1	5.59190E+1	NaN
4.57178E+3	1.01784E+2	1.18482E+2	5.51790E+1	5.82348E+2	1.03900E-4	NaN	3.01179E-4	NaN	8.30680E-1	5.59390E+1	NaN
4.58178E+3	1.01784E+2	1.20446E+2	5.52030E+1	5.84751E+2	1.04076E-4	NaN	3.00750E-4	NaN	8.30353E-1	5.59080E+1	NaN
4.59178E+3	1.02686E+2	1.22451E+2	5.52030E+1	5.83865E+2	1.03996E-4	NaN	3.00750E-4	NaN	8.30353E-1	5.59580E+1	NaN
4.60178E+3	1.02686E+2	1.22451E+2	5.52290E+1	5.84336E+2	1.04100E-4	NaN	3.00643E-4	NaN	8.29998E-1	5.59790E+1	NaN
4.61178E+3	1.03575E+2	1.24475E+2	5.52480E+1	5.82464E+2	1.04012E-4	NaN	3.01179E-4	NaN	8.29739E-1	5.59790E+1	NaN
4.62178E+3	1.04484E+2	1.24475E+2	5.52480E+1	5.84218E+2	1.03885E-4	NaN	3.00750E-4	NaN	8.29739E-1	5.60020E+1	NaN
4.63178E+3	1.04484E+2	1.26564E+2	5.52690E+1	5.84691E+2	1.03948E-4	NaN	3.01287E-4	NaN	8.29454E-1	5.60250E+1	NaN
4.64178E+3	1.05398E+2	1.28681E+2	5.52690E+1	5.84218E+2	1.03932E-4	NaN	3.01179E-4	NaN	8.29454E-1	5.60250E+1	NaN
4.65178E+3	1.06215E+2	1.28681E+2	5.52960E+1	5.83396E+2	1.04004E-4	NaN	3.00750E-4	NaN	8.29087E-1	5.60460E+1	NaN
4.66178E+3	1.06325E+2	1.30852E+2	5.53190E+1	5.83747E+2	1.04108E-4	NaN	3.00750E-4	NaN	8.28775E-1	5.60460E+1	NaN
4.67179E+3	1.07230E+2	1.30852E+2	5.53190E+1	5.84336E+2	1.04036E-4	NaN	3.00643E-4	NaN	8.28775E-1	5.60700E+1	NaN
4.68178E+3	1.07230E+2	1.33061E+2	5.53490E+1	5.84751E+2	1.04092E-4	NaN	3.01287E-4	NaN	8.28368E-1	5.60980E+1	NaN
4.69178E+3	1.08169E+2	1.35273E+2	5.53490E+1	5.84159E+2	1.03813E-4	NaN	3.01179E-4	NaN	8.28368E-1	5.60980E+1	NaN
4.70179E+3	1.09100E+2	1.35273E+2	5.53800E+1	5.84929E+2	1.04044E-4	NaN	3.01179E-4	NaN	8.27948E-1	5.61210E+1	NaN
4.71178E+3	1.09100E+2	1.37559E+2	5.54020E+1	5.81829E+2	1.04156E-4	NaN	3.01609E-4	NaN	8.27650E-1	5.61210E+1	NaN
4.72179E+3	1.10051E+2	1.39841E+2	5.54020E+1	5.83513E+2	1.03908E-4	NaN	3.01287E-4	NaN	8.27650E-1	5.61470E+1	NaN
4.73179E+3	1.10051E+2	1.39868E+2	5.54260E+1	5.84514E+2	1.04020E-4	NaN	3.01179E-4	NaN	8.27326E-1	5.61680E+1	NaN
4.74178E+3	1.10999E+2	1.42220E+2	5.54520E+1	5.84159E+2	1.04076E-4	NaN	3.01287E-4	NaN	8.26975E-1	5.61680E+1	NaN
4.75179E+3	1.11959E+2	1.42220E+2	5.54590E+1	5.83220E+2	1.03877E-4	NaN	3.02148E-4	NaN	8.26881E-1	5.61960E+1	NaN
4.76179E+3	1.11959E+2	1.44617E+2	5.54870E+1	5.84277E+2	1.03924E-4	NaN	3.00750E-4	NaN	8.26503E-1	5.61560E+1	NaN
4.77178E+3	1.12935E+2	1.47054E+2	5.54870E+1	5.82870E+2	1.03908E-4	NaN	3.00643E-4	NaN	8.26503E-1	5.62280E+1	NaN
4.78179E+3	1.12935E+2	1.47054E+2	5.55200E+1	5.84100E+2	1.03805E-4	NaN	3.01825E-4	NaN	8.26059E-1	5.62500E+1	NaN
4.79179E+3	1.13921E+2	1.49537E+2	5.55460E+1	5.83162E+2	1.03805E-4	NaN	3.00643E-4	NaN	8.25710E-1	5.62500E+1	NaN
4.80179E+3	1.14901E+2	1.49537E+2	5.55460E+1	5.82812E+2	1.03821E-4	NaN	3.00643E-4	NaN	8.25710E-1	5.62770E+1	NaN
4.81179E+3	1.14901E+2	1.52037E+2	5.55750E+1	5.85227E+2	1.03996E-4	NaN	3.01287E-4	NaN	8.25320E-1	5.63070E+1	NaN
4.82179E+3	1.15897E+2	1.54595E+2	5.55750E+1	5.84870E+2	1.03773E-4	NaN	3.01287E-4	NaN	8.25320E-1	5.63070E+1	NaN
4.83179E+3	1.16805E+2	1.54595E+2	5.56090E+1	5.82754E+2	1.04092E-4	NaN	3.01287E-4	NaN	8.24864E-1	5.63340E+1	NaN
4.84179E+3	1.16931E+2	1.57218E+2	5.56400E+1	5.83045E+2	1.03956E-4	NaN	3.00750E-4	NaN	8.24449E-1	5.63340E+1	NaN
4.85179E+3	1.17944E+2	1.59276E+2	5.56400E+1	5.84159E+2	1.04268E-4	NaN	3.01179E-4	NaN	8.24449E-1	5.63650E+1	NaN
4.86179E+3	1.17944E+2	1.59877E+2	5.56700E+1	5.83806E+2	1.04012E-4	NaN	3.01609E-4	NaN	8.24048E-1	5.63910E+1	NaN
4.87179E+3	1.18986E+2	1.62585E+2	5.56700E+1	5.83454E+2	1.03885E-4	NaN	3.02148E-4	NaN	8.24048E-1	5.63910E+1	NaN
4.88179E+3	1.20034E+2	1.62585E+2	5.57020E+1	5.82522E+2	1.04052E-4	NaN	3.01179E-4	NaN	8.23621E-1	5.64200E+1	NaN
4.89179E+3	1.20034E+2	1.65360E+2	5.57320E+1	5.83924E+2	1.04140E-4	NaN	3.02148E-4	NaN	8.23220E-1	5.64200E+1	NaN
4.90179E+3	1.21101E+2	1.68164E+2	5.57320E+1	5.83513E+2	1.03940E-4	NaN	3.01179E-4	NaN	8.23220E-1	5.64520E+1	NaN
4.91179E+3	1.21101E+2	1.68164E+2	5.57620E+1	5.84573E+2	1.04108E-4	NaN	3.00750E-4	NaN	8.22821E-1	5.64800E+1	NaN
4.92179E+3	1.22182E+2	1.71000E+2	5.57750E+1	5.84632E+2	1.03996E-4	NaN	3.00321E-4	NaN	8.22648E-1	5.64800E+1	NaN
4.93179E+3	1.23290E+2	1.71000E+2	5.58000E+1	5.82580E+2	1.04044E-4	NaN	3.01179E-4	NaN	8.22315E-1	5.65100E+1	NaN
