X58257      
0.00,325.000
0.02,325.000
0.04,325.000
0.06,325.000
0.08,325.000
0.10,325.000
0.12,325.000
0.14,325.000
0.16,325.000
0.18,325.000
0.20,325.000
0.22,325.000
0.24,325.000
0.26,325.000
0.28,325.000
0.30,325.000
0.32,325.000
0.34,325.000
0.36,325.000
0.38,325.000
0.40,325.000
0.42,325.000
0.44,325.000
0.46,325.000
0.48,325.000
0.50,325.000
0.52,325.000
0.54,325.000
0.56,325.000
0.58,325.000
0.60,325.000
0.62,325.000
0.64,325.000
0.66,325.000
0.68,325.000
0.70,325.000
0.72,325.000
0.74,325.000
0.76,325.000
0.78,325.000
0.80,325.000
0.82,325.000
0.84,325.000
0.86,325.000
0.88,325.000
0.90,325.000
0.92,325.000
0.94,325.000
0.96,325.000
0.98,325.000
1.00,325.000
1.02,325.000
1.04,325.000
1.06,325.000
1.08,325.000
1.10,325.000
1.12,325.000
1.14,325.000
1.16,325.000
1.18,325.000
1.20,325.000
1.22,325.000
1.24,325.000
1.26,325.000
1.28,325.000
1.30,325.000
1.32,325.000
1.34,325.000
1.36,325.000
1.38,325.000
1.40,325.000
1.42,325.000
1.44,325.000
1.46,325.000
1.48,325.000
1.50,325.000
1.52,325.000
1.54,325.000
1.56,325.000
1.58,325.000
1.60,325.000
1.62,325.000
1.64,325.000
1.66,325.000
1.68,325.000
1.70,325.000
1.72,325.000
1.74,325.000
1.76,325.000
1.78,325.000
1.80,325.000
1.82,324.423
1.84,309.241
1.86,294.923
1.88,281.418
1.90,268.646
1.92,256.553
1.94,245.087
1.96,234.206
1.98,223.862
2.00,214.019
2.02,204.649
2.04,195.713
2.06,187.188
2.08,179.054
2.10,171.281
2.12,163.853
2.14,156.749
2.16,149.955
2.18,143.454
2.20,137.234
2.22,131.280
2.24,125.580
2.26,120.121
2.28,114.895
2.30,109.894
2.32,105.107
2.34,100.524
2.36, 96.139
2.38, 91.941
2.40, 87.927
2.42, 84.087
2.44, 80.413
2.46, 76.898
2.48, 73.541
2.50, 70.328
2.52, 67.258
2.54, 64.322
2.56, 61.517
2.58, 58.836
2.60, 56.271
2.62, 53.820
2.64, 51.478
2.66, 49.238
2.68, 47.096
2.70, 45.049
2.72, 43.092
2.74, 41.221
2.76, 39.431
2.78, 37.719
2.80, 36.083
2.82, 34.519
2.84, 33.023
2.86, 31.592
2.88, 30.224
2.90, 28.916
2.92, 27.664
2.94, 26.468
2.96, 25.324
2.98, 24.230
3.00, 23.185
3.04, 21.234
3.08, 19.455
3.12, 17.834
3.16, 16.361
3.20, 15.022
3.24, 13.807
3.28, 12.706
3.32, 11.708
3.36, 10.804
3.40,  9.986
3.44,  9.245
3.48,  8.575
3.52,  7.968
3.56,  7.418
3.60,  6.918
3.64,  6.464
3.68,  6.050
3.72,  5.674
3.76,  5.329
3.80,  5.015
3.84,  4.727
3.88,  4.462
3.92,  4.219
3.96,  3.996
4.00,  3.791
4.10,  0.000
4.20,  0.000
4.30,  0.000
4.40,  0.000
4.50,  0.000
4.60,  0.000
4.70,  0.000
4.80,  0.000
4.90,  0.000
5.00,  0.000
5.10,  0.000
5.20,  0.000
5.30,  0.000
5.40,  0.000
5.50,  0.000
5.60,  0.000
