Sensor Model:   CX-1070-CU-4L
Serial Number:  X58257
Interpolation Method:   Lagrangian
SetPoint Limit: 325.0      (Kelvin)
Data Format:    4      (Log Ohms/Kelvin)
Number of Breakpoints:   47

No.   Units      Temperature (K)

  1  1.81925       325.0
  2  1.82053       324.0
  3  1.84032       309.0
  4  1.86134       294.0
  5  1.88370       279.0
  6  1.90756       264.0
  7  1.93306       249.0
  8  1.96039       234.0
  9  1.98976       219.0
 10  2.02142       204.0
 11  2.05567       189.0
 12  2.09290       174.0
 13  2.13356       159.0
 14  2.17829       144.0
 15  2.22789       129.0
 16  2.28352       114.0
 17  2.34685        99.0
 18  2.42046        84.0
 19  2.50854        69.0
 20  2.57496        59.5
 21  2.65309        50.0
 22  2.69355        45.7
 23  2.74572        40.7
 24  2.79730        36.3
 25  2.84859        32.4
 26  2.90024        28.9
 27  2.95157        25.8
 28  3.00364        23.0
 29  3.05383        20.6
 30  3.10561        18.4
 31  3.15606        16.5
 32  3.20704        14.8
 33  3.25794        13.3
 34  3.30787        12.0
 35  3.36018        10.8
 36  3.40967         9.8
 37  3.46012         8.9
 38  3.51096         8.1
 39  3.56133         7.4
 40  3.61003         6.8
 41  3.65541         6.3
 42  3.70617         5.8
 43  3.75151         5.4
 44  3.80196         5.0
 45  3.84385         4.7
 46  3.90633         4.3
 47  3.95932         4.0
